500
0.001
0.001
0.001
0.001
0.002
0.003
0.003
0.003
0.004
0.005
0.006
0.006
0.007
0.008
0.008
0.009
0.010
0.010
0.012
0.013
0.014
0.014
0.016
0.017
0.018
0.019
0.021
0.022
0.023
0.024
0.026
0.027
0.029
0.030
0.038
0.034
0.036
0.039
0.039
0.040
0.042
0.045
0.046
0.048
0.049
0.051
0.054
0.055
0.058
0.064
0.061
0.063
0.066
0.067
0.070
0.071
0.074
0.075
0.077
0.080
0.083
0.090
0.089
0.099
0.100
0.094
0.097
0.100
0.112
0.113
0.112
0.116
0.117
0.131
0.131
0.126
0.156
0.149
0.165
0.181
0.164
0.169
0.181
0.183
0.208
0.190
0.198
0.203
0.212
0.220
0.234
0.231
0.238
0.263
0.257
0.270
0.279
0.286
0.284
0.316
0.300
0.318
0.324
0.349
0.357
0.354
0.355
0.368
0.382
0.386
0.389
0.406
0.402
0.421
0.423
0.434
0.445
0.462
0.476
0.467
0.485
0.489
0.503
0.505
0.526
0.531
0.542
0.561
0.579
0.582
0.581
0.599
0.611
0.612
0.631
0.632
0.644
0.658
0.661
0.686
0.690
0.694
0.718
0.727
0.742
0.748
0.760
0.784
0.815
0.825
0.835
0.811
0.833
0.841
0.848
0.892
0.891
0.892
0.906
0.927
0.944
0.980
0.974
1.000
0.993
1.014
