0.001
0.005
0.012
0.018
0.031
0.051
0.072
0.067
0.080
0.097
0.122
0.141
0.164
0.191
0.222
0.247
0.286
0.314
0.349
0.389
0.426
0.467
0.518
0.591
0.619
0.662
0.720
0.784
0.844
0.895
0.977
1.010
1.128
1.192
1.225
1.282
1.360
1.407
1.523
1.583
1.654
1.735
1.801
1.962
2.041
2.150
2.260
2.326
2.460
2.604
2.695
2.775
3.215
2.963
3.068
3.215
3.289
3.414
3.598
3.619
3.991
3.883
4.066
4.351
4.317
4.585
4.533
4.675
4.833
4.930
5.095
5.238
5.370
5.374
5.546
5.663
5.741
5.910
6.070
6.264
6.428
6.523
6.719
6.902
6.941
7.190
7.416
7.648
7.727
7.931
8.083
8.522
8.776
8.659
8.813
8.977
9.238
9.334
9.632
9.737
10.018
10.574
10.738
10.912
11.281
11.420
11.563
11.798
12.005
12.182
13.352
12.797
12.799
12.847
13.319
13.762
13.820
14.041
14.403
14.773
14.881
14.956
15.212
15.176
15.554
16.624
16.192
16.518
16.787
17.062
17.327
17.651
17.752
18.101
18.554
18.834
20.441
20.258
20.225
20.723
21.249
21.828
23.516
21.660
21.713
22.646
22.035
22.908
22.994
23.560
24.007
24.039
24.395
24.873
25.296
25.299
25.280
25.759
25.735
25.463
25.600
26.151
26.245
26.184
26.795
27.797
27.715
27.696
28.192
27.027
27.591
27.830
28.564
28.906
28.711
29.079
29.482
30.080
29.991
30.565
30.434
30.856
31.110
31.364
31.885
32.340
32.538
33.028
33.691
33.760
34.015
34.371
35.056
35.045
35.475
35.874
36.074
36.933
37.658
37.440
38.041
38.476
38.346
38.887
39.170
39.571
39.954
40.251
40.644
41.083
41.562
41.701
42.227
42.803
43.019
43.832
44.159
44.539
44.474
45.095
45.814
46.112
46.184
46.618
47.218
47.669
48.086
48.552
48.951
49.303
49.357
50.006
50.390
50.918
51.562
52.177
52.563
52.895
53.320
53.749
54.283
54.621
55.141
55.744
56.085
56.699
56.758
57.468
57.922
58.246
58.735
59.056
59.494
60.026
