0.000
0.000
0.002
0.003
0.005
0.006
0.009
0.012
0.015
0.018
0.021
0.026
0.029
0.034
0.042
0.047
0.052
0.059
0.065
0.072
0.080
0.085
0.095
0.104
0.110
0.120
0.129
0.140
0.150
0.160
0.170
0.185
0.196
0.204
0.219
0.230
0.242
0.258
0.272
0.286
0.297
0.312
0.334
0.343
0.360
0.374
0.392
0.412
0.428
0.443
0.457
0.475
0.504
0.531
0.537
0.559
0.577
0.600
0.618
0.642
0.660
0.686
0.720
0.735
0.746
0.770
0.799
0.826
0.843
0.882
0.889
0.917
0.936
0.970
1.002
1.029
1.051
1.086
1.108
1.150
1.180
1.193
1.238
1.266
1.298
1.317
1.367
1.397
1.414
1.445
1.482
1.499
1.539
1.574
1.617
1.635
1.675
1.710
1.751
1.786
1.831
1.858
1.916
1.921
1.977
2.002
2.037
2.085
2.130
2.144
2.195
2.254
2.305
2.319
2.389
2.398
2.448
2.498
2.518
2.545
2.606
2.643
2.698
2.735
2.777
2.822
2.875
2.945
2.970
3.020
3.059
3.110
3.162
3.174
3.253
3.316
3.363
3.390
3.465
3.476
3.522
3.589
3.640
3.691
3.751
3.807
3.833
3.892
3.934
4.020
4.045
4.105
4.215
4.240
4.311
4.349
4.422
4.454
4.520
4.565
4.654
4.683
4.729
4.795
4.828
4.911
4.980
5.042
5.093
5.150
5.219
5.269
5.346
5.377
5.442
5.484
5.564
5.632
5.679
5.789
5.860
5.923
5.955
6.034
6.102
6.177
6.226
6.289
6.321
6.422
6.531
6.516
6.677
6.667
6.764
6.815
6.943
6.959
7.072
7.132
7.241
7.322
7.337
7.407
7.539
7.555
7.648
7.736
7.800
7.802
7.956
8.088
8.136
8.176
8.341
8.336
8.379
8.456
8.521
8.695
8.720
8.751
8.860
8.945
9.017
9.101
9.160
9.290
9.343
9.432
9.491
9.606
9.774
9.875
9.870
9.952
10.048
10.143
10.229
10.242
10.386
10.468
10.484
10.617
10.764
10.805
10.957
11.008
11.021
11.144
11.227
11.350
11.410
11.509
11.672
11.989
12.047
12.063
12.139
12.193
12.275
12.433
12.550
12.596
12.714
12.847
12.928
12.923
13.060
13.093
13.225
13.278
13.483
13.918
14.163
14.293
14.504
13.991
14.117
14.289
14.306
14.353
14.500
14.621
14.692
14.899
15.091
15.015
15.354
15.252
15.353
15.419
15.581
15.622
15.723
15.823
15.975
16.065
16.142
16.321
16.350
16.550
16.598
16.726
16.806
16.947
17.000
17.219
17.235
17.430
17.511
17.626
17.816
17.914
17.967
18.034
18.174
18.340
18.433
18.574
18.593
18.763
18.874
19.044
19.034
19.427
19.431
19.583
19.578
19.659
19.917
19.990
20.053
20.256
20.275
20.284
20.541
20.809
20.770
20.941
21.036
21.241
21.223
21.340
21.541
21.666
21.889
21.958
22.164
22.187
22.335
22.392
22.564
22.726
22.754
22.840
23.027
23.182
23.260
23.438
23.512
23.580
23.747
23.886
24.012
24.205
24.251
24.401
24.457
24.772
24.896
24.931
25.038
25.231
25.426
25.495
25.641
25.770
26.010
26.117
26.250
26.320
26.552
26.688
26.778
26.992
27.087
27.118
27.259
27.461
27.561
27.827
27.980
28.032
28.250
28.322
28.561
28.871
28.759
29.065
29.144
29.314
29.451
29.624
29.802
29.924
30.089
30.370
30.455
30.520
30.647
30.782
30.903
31.075
31.398
31.415
31.620
31.637
31.734
31.867
32.201
32.190
32.322
32.464
32.576
32.722
32.861
33.095
33.151
33.367
33.596
33.670
33.884
34.136
34.301
34.315
34.592
34.641
34.887
34.895
35.174
35.276
35.429
35.473
35.725
35.914
36.089
36.243
36.398
36.495
36.669
36.891
37.004
37.222
37.283
37.615
37.699
37.952
37.954
38.171
38.247
38.504
38.787
38.857
39.131
39.235
39.312
39.472
39.762
39.960
40.163
