0.000
0.001
0.001
0.002
0.002
0.002
0.003
0.003
0.005
0.005
0.005
0.007
0.007
0.008
0.009
0.010
0.010
0.011
0.013
0.013
0.014
0.016
0.017
0.018
0.019
0.020
0.021
0.022
0.024
0.025
0.027
0.028
0.030
0.031
0.033
0.035
0.036
0.039
0.039
0.040
0.042
0.045
0.047
0.048
0.058
0.055
0.064
0.064
0.073
0.072
0.074
0.078
0.081
0.086
0.091
0.095
0.101
0.105
0.109
0.115
0.121
0.126
0.134
0.151
0.144
0.148
0.169
0.160
0.168
0.172
0.178
0.182
0.189
0.198
0.208
0.208
0.217
0.224
0.231
0.245
0.250
0.248
0.267
0.263
0.287
0.299
0.287
0.294
0.308
0.307
0.315
0.329
0.332
0.343
0.353
0.357
0.361
0.371
0.387
0.395
0.397
0.405
0.409
0.426
0.425
0.441
0.444
0.477
0.462
0.484
0.490
0.494
0.507
0.529
0.524
0.539
0.537
0.555
0.561
0.576
0.584
0.587
0.603
0.615
0.622
0.628
0.639
0.652
0.665
0.679
0.679
0.697
0.709
0.721
0.736
0.732
0.748
0.758
0.769
0.779
0.805
0.812
0.828
0.825
0.842
0.850
0.872
0.871
0.890
0.897
0.927
0.923
0.936
0.945
0.995
0.978
1.017
1.004
1.009
1.025
1.040
1.058
1.061
1.068
1.096
1.109
1.117
1.148
1.166
1.174
1.181
1.199
1.238
1.206
1.234
1.250
1.270
1.288
1.326
1.317
1.335
1.341
1.342
1.379
1.382
1.408
1.423
1.442
1.474
1.463
1.462
1.510
1.521
1.524
1.529
1.568
1.565
1.587
1.609
1.625
1.640
1.659
1.674
1.706
1.702
1.715
1.730
1.763
1.756
1.814
1.809
1.866
1.922
2.004
1.914
1.992
2.074
1.970
1.998
1.931
1.937
1.963
1.964
2.035
2.031
2.018
2.034
2.038
2.081
2.124
2.316
2.138
2.371
2.362
2.176
2.168
2.196
2.281
2.259
2.265
2.248
2.265
2.277
2.310
2.318
2.336
2.386
2.388
2.418
2.416
2.463
2.458
2.481
2.494
2.510
2.564
2.593
2.623
2.815
2.875
2.739
2.724
2.672
2.689
2.696
2.719
2.738
2.779
2.782
2.809
2.827
2.876
2.870
2.863
2.947
2.937
2.950
3.075
2.984
3.078
3.056
3.088
3.105
3.115
3.114
3.176
3.179
3.226
3.232
3.275
3.292
3.311
3.316
3.364
3.391
3.447
3.405
3.450
3.478
3.501
3.565
3.539
3.569
3.594
3.614
3.682
3.691
3.708
3.744
3.732
3.800
3.792
3.834
3.837
3.862
3.901
3.930
4.006
3.978
4.011
4.069
4.053
4.073
4.109
4.186
4.193
4.195
4.223
4.299
4.275
4.294
4.315
4.390
4.388
4.402
4.420
4.456
4.491
4.514
4.550
4.580
4.613
4.634
4.727
4.713
4.720
4.746
4.714
4.774
4.877
4.839
4.834
4.885
4.922
4.927
4.922
4.963
4.982
4.992
5.047
