0.000
0.000
0.000
0.000
0.000
0.001
0.000
0.001
0.000
0.000
0.001
0.001
0.001
0.001
0.001
0.001
0.001
0.001
0.001
0.001
0.001
0.001
0.002
0.002
0.002
0.002
0.002
0.002
0.001
0.002
0.001
0.002
0.002
0.002
0.002
0.002
0.002
0.002
0.003
0.003
0.002
0.003
0.003
0.003
0.003
0.003
0.003
0.004
0.003
0.003
0.004
0.003
0.004
0.004
0.003
0.005
0.004
0.004
0.004
0.004
0.005
0.004
0.004
0.005
0.004
0.005
0.005
0.005
0.006
0.006
0.005
0.005
0.005
0.005
0.005
0.005
0.005
0.005
0.005
0.005
0.005
0.006
0.006
0.006
0.005
0.006
0.007
0.006
0.007
0.006
0.007
0.007
0.007
0.008
0.011
0.007
0.007
0.007
0.007
0.007
0.007
0.007
0.008
0.008
0.008
0.008
0.008
0.009
0.008
0.008
0.009
0.009
0.010
0.010
0.010
0.009
0.008
0.008
0.009
0.009
0.009
0.010
0.008
0.009
0.008
0.010
0.009
0.010
0.010
0.010
0.009
0.009
0.009
0.010
0.011
0.009
0.010
0.010
0.010
0.009
0.010
0.010
0.010
0.010
0.010
0.011
0.011
0.010
0.011
0.011
0.010
0.010
0.011
0.011
0.010
0.011
0.011
0.010
0.011
0.011
0.011
0.011
0.011
0.011
0.011
0.012
0.012
0.011
0.012
0.011
0.012
0.011
0.012
0.012
0.012
0.012
0.013
0.012
0.012
0.013
0.012
0.012
0.013
0.012
0.013
0.013
0.012
0.013
0.013
0.013
0.013
0.014
0.013
0.014
0.013
0.013
0.013
0.013
0.013
0.014
0.014
0.015
0.014
0.014
0.014
0.014
0.014
0.014
0.014
0.015
0.015
0.014
0.014
0.015
0.015
0.015
0.015
0.015
0.016
0.015
0.015
0.015
0.016
0.015
0.015
0.016
0.016
0.015
0.016
0.016
0.016
0.016
0.016
0.016
0.016
0.016
0.017
0.016
0.017
0.016
0.017
0.017
0.017
0.017
0.021
0.018
0.017
0.017
0.018
0.018
0.017
0.018
0.017
0.018
0.018
0.018
0.018
0.018
0.018
0.018
0.018
0.018
0.018
0.018
0.019
0.018
0.018
0.018
0.019
0.019
0.019
0.019
0.019
0.018
0.019
0.019
0.019
0.019
0.019
0.020
0.019
0.019
0.019
0.020
0.020
0.020
0.020
0.019
0.020
0.020
0.020
0.020
0.021
0.020
0.021
0.020
0.020
0.021
0.020
0.021
0.021
0.021
0.020
0.020
0.021
0.020
0.021
0.022
0.021
0.022
0.022
0.021
0.023
0.021
0.022
0.022
0.022
0.022
0.022
0.023
0.022
0.023
0.023
0.022
0.022
0.022
0.022
0.024
0.023
0.023
0.023
0.024
0.023
0.024
0.023
0.023
0.024
0.023
0.025
0.024
0.024
0.023
0.024
0.024
0.024
0.024
0.023
0.024
0.023
0.024
0.024
0.025
0.024
0.025
0.024
0.024
0.024
0.025
0.025
0.026
0.024
0.025
0.025
0.025
0.025
0.025
0.025
0.027
0.026
0.025
0.027
0.027
0.027
0.026
0.025
0.026
0.026
0.026
0.026
0.027
0.027
0.028
0.026
0.027
0.027
0.027
0.027
0.027
0.028
0.028
0.028
0.027
0.029
0.028
0.027
0.028
0.027
0.028
0.027
0.028
0.028
0.028
0.029
0.028
0.028
0.028
0.029
0.029
0.028
0.029
0.028
0.029
0.029
0.029
0.029
0.030
0.029
0.029
0.030
0.029
0.030
0.029
0.029
0.030
0.030
0.030
0.029
0.029
0.031
0.031
0.030
0.031
0.030
0.031
0.030
0.031
0.031
0.031
0.032
0.031
0.033
0.031
0.031
0.034
0.032
0.031
0.031
0.032
0.032
0.031
0.031
0.032
0.032
0.033
0.033
0.033
0.033
0.032
0.032
0.033
0.033
0.033
0.032
0.033
0.033
0.035
0.034
0.033
0.033
0.035
0.033
0.033
0.034
0.034
0.034
0.033
0.033
0.034
0.034
0.034
0.033
0.035
0.034
0.033
0.034
0.034
0.034
0.035
0.034
0.035
0.035
0.036
0.035
0.035
0.035
0.036
0.036
0.034
0.035
0.035
0.036
0.036
0.036
0.035
0.036
0.035
0.035
0.036
0.036
0.036
0.036
0.037
0.036
0.036
0.037
0.037
0.037
0.038
0.037
0.037
0.038
0.037
0.036
0.038
0.038
0.037
0.038
0.037
0.037
0.038
0.039
0.038
0.038
0.038
0.037
0.037
0.039
0.038
0.038
0.038
0.038
0.038
0.039
0.038
0.038
0.039
0.040
0.040
0.040
0.041
0.039
0.039
0.040
0.040
0.038
0.039
0.041
0.039
0.041
0.039
0.039
0.041
0.040
0.040
0.039
0.039
0.041
0.039
0.040
0.041
0.040
0.041
0.040
0.041
0.042
0.042
0.040
0.041
0.042
0.041
0.041
0.041
0.041
0.041
0.041
0.041
0.041
0.042
0.042
0.042
0.042
0.043
0.042
0.042
0.042
0.042
0.044
0.042
0.043
0.042
0.043
0.043
0.043
0.043
0.044
0.043
0.042
0.043
0.042
0.043
0.043
0.044
0.043
0.043
0.044
0.045
0.043
0.044
0.044
0.045
0.044
0.043
0.044
0.045
0.043
0.043
0.045
0.044
0.044
0.045
0.044
0.045
0.044
0.045
0.045
0.045
0.045
0.045
0.045
0.045
0.047
0.045
0.047
0.045
0.045
0.046
0.045
0.046
0.046
0.045
0.045
0.045
0.046
0.045
0.045
0.046
0.047
0.045
0.046
0.046
0.045
0.047
0.047
0.049
0.047
0.045
0.046
0.047
0.046
0.046
0.046
0.047
0.048
0.048
0.047
0.048
0.048
0.046
0.046
0.046
0.048
0.048
0.047
0.047
0.047
0.048
0.048
0.048
0.049
0.049
0.048
0.049
0.049
0.048
0.049
0.047
0.047
0.048
0.048
0.049
0.050
0.050
0.048
0.049
0.050
0.049
0.051
0.049
0.051
0.050
0.050
0.051
0.050
0.049
0.050
0.050
0.051
0.050
0.051
0.051
0.051
0.051
0.051
0.051
0.053
0.051
0.051
0.051
0.051
0.050
0.050
0.050
0.050
0.053
0.051
0.050
0.052
0.052
0.052
0.052
0.052
0.053
0.052
0.052
0.053
0.052
0.051
0.052
0.051
0.051
0.052
0.052
0.052
0.053
0.054
0.052
0.053
0.053
0.052
0.053
0.055
0.054
0.055
0.054
0.054
0.055
0.054
0.052
0.053
0.055
0.055
0.054
0.055
0.054
0.052
0.056
0.054
0.056
0.054
0.054
0.055
0.056
0.055
0.056
0.054
0.055
0.056
0.056
0.055
0.055
0.055
0.056
0.056
0.055
0.055
0.055
0.056
0.055
0.055
0.056
0.056
0.056
0.057
0.057
0.055
0.056
0.056
0.055
0.056
0.056
0.058
0.058
0.059
0.057
0.056
0.059
0.060
0.062
0.058
0.058
0.058
0.058
0.059
0.058
0.073
0.066
0.062
0.059
0.059
0.059
0.066
0.061
0.058
0.059
0.059
0.059
0.059
0.060
0.060
0.060
0.059
0.059
0.059
0.058
0.059
0.060
0.059
0.059
0.060
0.058
0.059
0.059
0.059
0.057
0.059
0.059
0.059
0.061
0.058
0.060
0.061
0.060
0.060
0.061
0.060
0.062
0.061
0.061
0.061
0.060
0.063
0.063
0.059
0.061
0.060
0.061
0.061
0.061
0.061
0.061
0.061
0.061
0.061
0.060
0.062
0.061
0.067
0.064
0.063
0.065
0.063
0.068
0.068
0.065
0.066
0.063
0.063
0.065
0.064
0.063
0.064
0.063
0.064
0.065
0.064
0.064
0.064
0.063
0.065
0.063
0.064
0.063
0.064
0.064
0.065
0.065
0.064
0.064
0.065
0.063
0.064
0.064
0.063
0.066
0.065
0.064
0.065
0.066
0.065
0.064
0.064
0.065
0.064
0.064
0.066
0.068
0.068
0.067
0.069
0.067
0.067
0.068
0.067
0.067
0.068
0.067
0.068
0.066
0.064
0.066
0.067
0.069
0.066
0.068
0.067
0.067
0.068
0.067
0.067
0.068
0.067
0.069
0.068
0.068
0.068
0.067
0.069
0.067
0.067
0.066
0.066
0.068
0.070
0.068
0.069
0.068
0.069
0.068
0.069
0.069
0.070
0.071
0.070
0.070
0.070
0.070
0.069
0.069
0.069
0.072
0.070
0.070
0.070
0.071
0.070
0.071
0.071
0.071
0.071
0.071
0.071
0.070
0.076
0.072
0.072
0.072
0.072
0.079
0.083
0.087
0.079
0.075
0.072
0.074
0.072
0.072
0.073
0.073
0.072
0.074
0.072
0.072
0.072
0.073
0.073
0.072
0.075
0.072
0.074
0.073
0.073
0.073
0.076
0.073
0.074
0.077
0.077
0.077
0.076
0.082
0.077
0.076
0.074
0.078
0.092
0.075
0.076
0.075
0.075
0.074
0.075
0.076
0.075
0.074
0.075
0.075
0.075
0.076
0.075
0.076
0.074
0.075
0.076
0.079
0.077
0.080
0.076
0.077
0.076
0.080
0.076
0.076
0.076
0.076
0.083
0.085
0.081
0.078
0.077
0.076
0.077
0.079
0.079
0.077
0.077
0.078
0.077
0.081
0.078
0.079
0.078
0.077
0.077
0.077
0.078
0.076
0.078
0.079
0.078
0.079
0.078
0.079
0.079
0.079
0.078
0.078
0.077
0.079
0.077
0.078
0.079
0.079
0.079
0.079
0.079
0.084
0.080
0.083
0.080
0.080
0.079
0.081
0.079
0.079
0.080
0.081
0.080
0.093
0.085
0.085
0.082
0.143
0.130
0.124
0.096
0.099
0.084
0.088
0.088
0.082
0.089
0.084
0.091
0.084
0.090
0.082
0.082
0.081
0.081
0.081
0.080
0.082
0.080
0.081
0.082
0.082
0.082
0.089
0.101
0.083
0.088
0.083
0.082
0.083
0.085
0.083
0.084
0.081
0.083
0.082
0.082
0.081
0.082
0.083
0.082
0.084
0.082
0.081
0.082
0.082
0.083
0.082
0.082
0.082
0.082
0.083
0.081
0.083
0.085
0.084
0.084
0.085
0.084
0.086
0.085
0.085
0.082
0.082
0.084
0.083
0.082
0.085
0.084
0.083
0.083
0.084
0.082
0.084
0.082
0.083
0.083
0.086
0.085
0.085
0.084
0.084
0.083
0.083
0.084
0.086
0.085
0.085
0.085
0.088
0.085
0.086
0.087
0.088
0.087
0.087
0.089
0.085
0.087
0.087
0.088
0.087
0.087
0.086
0.087
0.086
0.086
0.087
0.088
0.087
0.088
0.088
0.089
0.090
0.089
0.091
0.087
0.090
0.089
0.089
0.087
0.090
0.087
0.090
0.087
0.087
0.090
0.090
0.089
0.089
0.089
0.089
0.089
0.090
0.088
0.088
0.091
0.091
0.091
0.089
0.090
0.092
0.090
0.090
0.091
0.091
0.090
0.091
0.089
0.090
0.088
0.090
0.091
0.091
0.092
0.093
0.092
0.091
0.090
0.091
0.090
0.089
0.091
0.091
0.092
0.092
0.093
0.092
0.090
0.091
0.091
0.091
0.091
0.091
0.091
0.093
0.091
0.093
0.092
0.093
0.113
0.094
0.094
0.093
0.097
0.093
0.094
0.094
0.094
0.092
0.092
0.094
0.093
0.094
0.092
0.094
0.093
0.094
0.093
0.094
0.094
0.092
0.092
0.097
0.094
0.093
0.092
0.092
0.092
0.099
0.099
0.097
0.098
0.096
0.096
0.096
0.095
0.096
0.097
0.094
0.096
0.094
0.096
0.097
0.097
0.097
0.100
0.096
0.099
0.098
0.105
0.097
0.097
0.097
0.095
0.096
0.098
0.096
0.099
0.095
0.094
0.094
0.096
0.094
0.098
0.099
0.098
0.097
0.093
0.097
0.095
0.096
0.096
0.096
0.096
0.096
0.097
0.095
0.099
0.097
0.096
0.096
0.099
0.098
0.101
0.102
0.100
0.099
0.105
0.101
0.100
0.100
0.100
0.104
0.100
0.099
0.100
0.097
0.098
0.100
0.102
0.100
0.099
0.103
0.101
0.099
0.100
0.098
0.099
0.099
0.101
0.099
0.101
0.101
0.100
0.100
0.099
0.101
0.101
0.101
0.099
0.099
0.101
0.103
0.102
0.102
0.102
0.100
0.105
0.100
0.102
0.100
0.100
0.103
0.100
0.099
0.099
0.099
0.101
0.102
0.104
0.105
0.105
0.105
0.104
0.105
0.104
0.104
0.102
0.102
0.115
0.104
0.105
0.106
0.105
0.106
0.104
0.106
0.103
0.105
0.107
0.102
0.104
0.102
0.103
0.103
0.103
0.106
0.105
0.105
0.106
0.103
0.107
0.106
0.104
0.110
0.104
0.103
0.102
0.102
0.107
0.106
0.104
0.105
0.105
0.109
0.105
0.105
0.106
0.107
0.103
0.105
0.108
0.105
0.105
0.105
0.106
0.106
0.104
0.107
0.106
0.106
0.108
0.104
0.107
0.105
0.105
0.104
0.108
0.107
0.107
0.108
0.108
0.106
0.105
0.106
0.105
0.106
0.107
0.108
0.106
0.107
0.111
0.108
0.114
0.109
0.107
0.108
0.110
0.109
0.110
0.111
0.109
0.107
0.110
0.110
0.109
0.111
0.109
0.112
0.107
0.110
0.111
0.111
0.112
0.107
0.112
0.108
0.111
0.124
0.111
0.112
0.111
0.111
0.110
0.107
0.108
0.108
0.109
0.108
0.109
0.108
0.109
0.108
0.110
0.115
0.109
0.110
0.114
0.108
0.112
0.111
0.110
0.111
0.110
0.111
0.112
0.110
0.109
0.112
0.113
0.110
0.111
0.110
0.112
0.112
0.129
0.115
0.120
0.115
0.116
0.114
0.115
0.114
0.115
0.139
0.113
0.114
0.127
0.113
0.114
0.115
0.117
0.116
0.114
0.114
0.117
0.112
0.114
0.116
0.113
0.117
0.117
0.114
0.115
0.113
0.115
0.117
0.121
0.120
0.117
0.116
0.118
0.115
0.116
0.118
0.119
0.116
0.116
0.115
0.120
0.115
0.116
0.113
0.114
0.116
0.114
0.115
0.123
0.122
0.118
0.117
0.118
0.121
0.116
0.121
0.117
0.119
0.120
0.120
0.118
0.120
0.120
0.124
0.120
0.118
0.119
0.118
0.118
0.118
0.119
0.119
0.120
0.121
0.118
0.122
0.118
0.119
0.119
0.120
0.120
0.116
0.117
0.120
0.119
0.118
0.121
0.121
0.121
0.125
0.121
0.124
0.119
0.120
0.120
0.117
0.120
0.117
0.120
0.121
0.122
0.123
0.126
0.121
0.122
0.123
0.120
0.121
0.123
0.122
0.123
0.123
0.123
0.122
0.122
0.121
0.121
0.122
0.123
0.123
0.122
0.118
0.122
0.119
0.121
0.123
0.122
0.123
0.122
0.123
0.124
0.122
0.122
0.121
0.125
0.122
0.120
0.121
0.123
0.119
0.123
0.124
0.126
0.122
0.122
0.123
0.121
0.123
0.124
0.126
0.123
0.125
0.125
0.125
0.125
0.129
0.124
0.126
0.122
0.122
0.121
0.123
0.129
0.127
0.126
0.126
0.130
0.126
0.125
0.125
0.123
0.124
0.130
0.125
0.128
0.129
0.128
0.126
0.127
0.127
0.150
0.134
0.130
0.126
0.126
0.127
0.128
0.125
0.127
0.125
0.125
0.126
0.127
0.128
0.128
0.129
0.130
0.127
0.130
0.127
0.125
0.130
0.128
0.126
0.128
0.129
0.129
0.129
0.131
0.129
0.130
0.128
0.125
0.129
0.130
0.128
0.127
0.128
0.127
0.130
0.127
0.129
0.126
0.127
0.131
0.131
0.130
0.130
0.132
0.130
0.130
0.147
0.131
0.139
0.131
0.130
0.132
0.131
0.131
0.132
0.134
0.134
0.132
0.133
0.130
0.130
0.128
0.130
0.128
0.128
0.136
0.132
0.131
0.129
0.129
0.129
0.128
0.127
0.129
0.130
0.128
0.128
0.132
0.133
0.132
0.133
0.135
0.133
0.134
0.133
0.131
0.130
0.130
0.129
0.131
0.132
0.131
0.137
0.151
0.138
0.140
0.137
0.133
0.136
0.138
0.136
0.135
0.136
0.140
0.137
0.134
0.135
0.142
0.134
0.135
0.136
0.152
0.143
0.139
0.136
0.135
0.135
0.135
0.135
0.134
0.136
0.135
0.136
0.137
0.134
0.134
0.137
0.134
0.134
0.133
0.138
0.133
0.134
0.133
0.139
0.137
0.166
0.138
0.142
0.135
0.138
0.137
0.140
0.138
0.136
0.137
0.139
0.136
0.139
0.137
0.134
0.136
0.139
0.138
0.140
0.140
0.140
0.138
0.136
0.138
0.138
0.139
0.140
0.139
0.137
0.137
0.176
0.143
0.141
0.138
0.140
0.140
0.147
0.142
0.139
0.139
0.138
0.137
0.139
0.137
0.138
0.141
0.140
0.141
0.141
0.140
0.142
0.137
0.139
0.138
0.139
0.141
0.139
0.142
0.141
0.159
0.146
0.140
0.146
0.140
0.141
0.141
0.141
0.140
0.138
0.139
0.143
0.142
0.142
0.142
0.144
0.146
0.152
0.162
0.144
0.141
0.142
0.138
0.146
0.143
0.143
0.142
0.143
0.144
0.143
0.143
0.141
0.140
0.141
0.144
0.146
0.142
0.140
0.161
0.154
0.144
0.144
0.145
0.143
0.143
0.142
0.142
0.140
0.142
0.145
0.144
0.147
0.144
0.157
0.147
0.150
0.144
0.145
0.147
0.145
0.146
0.146
0.145
0.142
0.140
0.145
0.144
0.144
0.149
0.145
0.148
0.145
0.152
0.145
0.149
0.146
0.143
0.144
0.144
0.145
0.143
0.143
0.144
0.147
0.150
0.150
0.151
0.144
0.144
0.146
0.144
0.145
0.145
0.144
0.166
0.154
0.154
0.147
0.149
0.171
0.154
0.149
0.146
0.148
0.159
0.151
0.148
0.147
0.151
0.150
0.148
0.147
0.149
0.147
0.146
0.151
0.149
0.150
0.148
0.147
0.149
0.148
0.146
0.148
0.149
0.148
0.147
0.146
0.152
0.150
0.145
0.144
0.144
0.146
0.150
0.150
0.148
0.148
0.147
0.147
0.148
0.150
0.150
0.148
0.151
0.146
0.150
0.151
0.147
0.144
0.153
0.153
0.152
0.149
0.147
0.149
0.148
0.149
0.154
0.153
0.151
0.150
0.154
0.148
0.149
0.152
0.159
0.149
0.150
0.148
0.151
0.152
0.153
0.154
0.168
0.156
0.156
0.153
0.159
0.159
0.153
0.153
0.152
0.153
0.155
0.153
0.154
0.154
0.155
0.154
0.155
0.152
0.153
0.152
0.154
0.154
0.155
0.153
0.151
0.154
0.157
0.156
0.153
0.151
0.154
0.160
0.156
0.152
0.157
0.155
0.155
0.158
0.155
0.155
0.155
0.154
0.157
0.154
0.154
0.158
0.158
0.159
0.153
0.154
0.154
0.157
0.153
0.158
0.160
0.160
0.153
0.158
0.155
0.154
0.154
0.159
0.156
0.157
0.158
0.183
0.163
0.165
0.162
0.161
0.157
0.158
0.156
0.157
0.159
0.155
0.154
0.161
0.156
0.159
0.156
0.155
0.155
0.157
0.156
0.160
0.156
0.159
0.158
0.158
0.155
0.158
0.161
0.158
0.159
0.159
0.157
0.161
0.164
0.159
0.157
0.162
0.177
0.165
0.160
0.173
0.162
0.173
0.160
0.164
0.161
0.161
0.159
0.158
0.162
0.164
0.160
0.157
0.159
0.158
0.160
0.158
0.158
0.162
0.162
0.161
0.164
0.161
0.181
0.166
0.164
0.187
0.175
0.167
0.163
0.163
0.164
0.189
0.167
0.171
0.163
0.163
0.162
0.161
0.165
0.165
0.163
0.161
0.161
0.162
0.161
0.164
0.160
0.161
0.164
0.164
0.163
0.163
0.162
0.159
0.162
0.163
0.213
0.176
0.171
0.168
0.166
0.164
0.161
0.159
0.158
0.160
0.161
0.162
0.160
0.162
0.168
0.164
0.168
0.164
0.161
0.162
0.167
0.169
0.165
0.161
0.165
0.164
0.179
0.167
0.167
0.166
0.165
0.163
0.163
0.167
0.167
0.162
0.167
0.167
0.171
0.166
0.168
0.168
0.166
0.165
0.168
0.166
0.165
0.164
0.163
0.164
0.170
0.164
0.162
0.166
0.167
0.171
0.171
0.167
0.193
0.176
0.178
0.169
0.171
0.169
0.166
0.166
0.166
0.169
0.166
0.165
0.168
0.167
0.166
0.170
0.169
0.168
0.166
0.167
0.171
0.167
0.165
0.165
0.167
0.163
0.171
0.172
0.177
0.176
0.171
0.174
0.171
0.173
0.177
0.190
0.175
0.172
0.172
0.173
0.176
0.174
0.176
0.174
0.171
0.172
0.175
0.172
0.174
0.172
0.172
0.186
0.173
0.178
0.177
0.172
0.173
0.172
0.175
0.177
0.174
0.198
0.185
0.186
0.173
0.175
0.213
0.182
0.177
0.171
0.174
0.172
0.195
0.175
0.177
0.178
0.177
0.178
0.174
0.177
0.176
0.171
0.173
0.173
0.171
0.172
0.173
0.177
0.174
0.177
0.174
0.176
0.175
0.174
0.172
0.173
0.176
0.182
0.186
0.176
0.172
0.185
0.180
0.176
0.179
0.174
0.182
0.174
0.177
0.174
0.173
0.189
0.192
0.177
0.177
0.175
0.173
0.174
0.174
0.175
0.177
0.175
0.177
0.178
0.178
0.179
0.179
0.186
0.180
0.189
0.180
0.180
0.178
0.178
0.177
0.177
0.179
0.176
0.177
0.180
0.181
0.177
0.175
0.177
0.179
0.178
0.179
0.177
0.177
0.181
0.176
0.176
0.174
0.177
0.176
0.176
0.181
0.178
0.175
0.174
0.177
0.194
0.210
0.182
0.184
0.187
0.182
0.185
0.181
0.175
0.177
0.177
0.176
0.177
0.178
0.177
0.182
0.181
0.178
0.175
0.179
0.180
0.177
0.180
0.181
0.180
0.178
0.177
0.182
0.181
0.179
0.179
0.180
0.180
0.195
0.184
0.185
0.184
0.182
0.177
0.179
0.185
0.179
0.187
0.183
0.181
0.182
0.181
0.200
0.189
0.186
0.184
0.183
0.180
0.177
0.180
0.179
0.178
0.179
0.181
0.179
0.186
0.184
0.179
0.181
0.187
0.206
0.186
0.186
0.185
0.186
0.183
0.182
0.184
0.181
0.179
0.183
0.180
0.178
0.180
0.184
0.182
0.186
0.186
0.181
0.181
0.183
0.181
0.183
0.182
0.185
0.205
0.198
0.187
0.187
0.189
0.188
0.189
0.186
0.181
0.183
0.183
0.190
0.188
0.186
0.185
0.182
0.185
0.185
0.190
0.182
0.182
0.184
0.182
0.184
0.183
0.182
0.186
0.186
0.184
0.188
0.188
0.186
0.188
0.241
0.192
0.189
0.193
0.198
0.193
0.190
0.190
0.190
0.189
0.193
0.192
0.189
0.189
0.195
0.189
0.190
0.195
0.202
0.189
0.189
0.190
0.198
0.189
0.194
0.189
0.200
0.189
0.189
0.193
0.196
0.188
0.190
0.206
0.193
0.192
0.188
0.191
0.188
0.190
0.187
0.188
0.190
0.186
0.189
0.193
0.189
0.192
0.192
0.193
0.195
0.190
0.192
0.189
0.188
0.191
0.192
0.187
0.186
0.194
0.196
0.194
0.195
0.197
0.194
0.190
0.188
0.187
0.192
0.186
0.192
0.190
0.192
0.192
0.189
0.189
0.192
0.196
0.195
0.196
0.197
0.193
0.198
0.197
0.195
0.195
0.197
0.192
0.191
0.191
0.188
0.187
0.189
0.192
0.193
0.196
0.195
0.198
0.194
0.195
0.193
0.190
0.196
0.198
0.198
0.196
0.191
0.192
0.194
0.192
0.189
0.189
0.193
0.193
0.193
0.191
0.191
0.192
0.189
0.190
0.190
0.191
0.193
0.194
0.191
0.192
0.197
0.190
0.192
0.191
0.189
0.191
0.195
0.196
0.194
0.196
0.197
0.193
0.192
0.192
0.192
0.193
0.192
0.195
0.191
0.196
0.194
0.195
0.193
0.193
0.193
0.195
0.196
0.195
0.195
0.197
0.193
0.194
0.193
0.198
0.198
0.194
0.196
0.192
0.193
0.197
0.196
0.197
0.194
0.196
0.195
0.196
0.194
0.195
0.197
0.198
0.199
0.194
0.195
0.196
0.197
0.198
0.196
0.205
0.198
0.200
0.197
0.198
0.196
0.199
0.196
0.195
0.198
0.197
0.196
0.197
0.198
0.199
0.200
0.197
0.197
0.198
0.202
0.198
0.197
0.197
0.199
0.198
0.197
0.200
0.200
0.199
0.196
0.198
0.196
0.199
0.199
0.198
0.197
0.197
0.197
0.198
0.197
0.199
0.199
0.199
0.204
0.200
0.203
0.200
0.202
0.200
0.200
0.199
0.202
0.209
0.203
0.204
0.206
0.205
0.207
0.203
0.207
0.212
0.203
0.204
0.212
0.205
0.202
0.203
0.207
0.206
0.207
0.210
0.205
0.205
0.208
0.206
0.211
0.207
0.204
0.207
0.206
0.207
0.207
0.209
0.206
0.201
0.203
0.206
0.204
0.204
0.209
0.206
0.203
0.204
0.208
0.203
0.207
0.203
0.208
0.210
0.211
0.206
0.209
0.206
0.206
0.205
0.208
0.208
0.210
0.208
0.210
0.210
0.206
0.208
0.211
0.207
0.205
0.210
0.209
0.208
0.207
0.213
0.213
0.208
0.206
0.210
0.211
0.210
0.208
0.209
0.211
0.213
0.207
0.213
0.205
0.207
0.208
0.211
0.214
0.211
0.216
0.209
0.213
0.210
0.211
0.212
0.212
0.211
0.209
0.214
0.214
0.212
0.214
0.211
0.210
0.212
0.211
0.213
0.212
0.213
0.212
0.214
0.217
0.215
0.214
0.208
0.207
0.209
0.212
0.211
0.209
0.207
0.210
0.208
0.214
0.211
0.210
0.212
0.211
0.210
0.210
0.208
0.211
0.211
0.208
0.215
0.208
0.213
0.210
0.212
0.213
0.212
0.212
0.210
0.209
0.207
0.213
0.214
0.209
0.210
0.209
0.208
0.211
0.208
0.209
0.211
0.210
0.212
0.211
0.209
0.213
0.213
0.217
0.209
0.211
0.211
0.209
0.210
0.213
0.213
0.213
0.212
0.214
0.213
0.211
0.214
0.210
0.215
0.209
0.212
0.218
0.212
0.212
0.213
0.210
0.214
0.211
0.214
0.212
0.210
0.211
0.212
0.212
0.215
0.215
0.211
0.211
0.215
0.214
0.212
0.215
0.217
0.214
0.215
0.220
0.214
0.214
0.214
0.212
0.211
0.215
0.214
0.214
0.215
0.215
0.213
0.212
0.211
0.214
0.214
0.215
0.215
0.218
0.213
0.216
0.218
0.218
0.217
0.218
0.216
0.215
0.214
0.220
0.217
0.217
0.215
0.221
0.219
0.215
0.215
0.216
0.220
0.218
0.212
0.221
0.216
0.215
0.214
0.216
0.216
0.216
0.219
0.216
0.217
0.216
0.216
0.215
0.216
0.216
0.218
0.215
0.219
0.216
0.219
0.222
0.220
0.216
0.216
0.218
0.216
0.219
0.217
0.218
0.217
0.222
0.216
0.219
0.221
0.219
0.219
0.216
0.217
0.222
0.219
0.220
0.218
0.219
0.219
0.225
0.217
0.222
0.220
0.222
0.224
0.228
0.228
0.225
0.225
0.230
0.228
0.223
0.220
0.229
0.228
0.229
0.230
0.228
0.228
0.229
0.223
0.227
0.229
0.229
0.224
0.224
0.229
0.223
0.229
0.230
0.222
0.222
0.224
0.226
0.223
0.224
0.224
0.225
0.230
0.222
0.227
0.220
0.226
0.223
0.223
0.225
0.227
0.222
0.228
0.230
0.231
0.233
0.236
0.225
0.230
0.226
0.226
0.227
0.230
0.248
0.234
0.230
0.229
0.238
0.230
0.230
0.234
0.235
0.235
0.236
0.229
0.229
0.228
0.233
0.225
0.223
0.229
0.226
0.225
0.225
0.224
0.224
0.224
0.224
0.225
0.225
0.223
0.226
0.224
0.224
0.226
0.228
0.225
0.223
0.224
0.224
0.226
0.226
0.228
0.227
0.226
0.228
0.226
0.229
0.231
0.227
0.230
0.228
0.230
0.228
0.227
0.226
0.227
0.229
0.226
0.227
0.229
0.230
0.227
0.232
0.230
0.226
0.226
0.229
0.227
0.230
0.229
0.232
0.229
0.227
0.229
0.233
0.229
0.232
0.230
0.227
0.228
0.227
0.229
0.230
0.228
0.228
0.230
0.233
0.231
0.228
0.228
0.235
0.230
0.230
0.226
0.230
0.229
0.231
0.231
0.236
0.228
0.228
0.232
0.232
0.230
0.229
0.234
0.229
0.232
0.233
0.231
0.230
0.228
0.231
0.232
0.233
0.233
0.232
0.232
0.233
0.231
0.231
0.233
0.233
0.233
0.232
0.230
0.235
0.231
0.230
0.232
0.234
0.232
0.234
0.231
0.236
0.232
0.235
0.237
0.234
0.235
0.234
0.234
0.233
0.232
0.233
0.234
0.232
0.235
0.234
0.232
0.236
0.241
0.230
0.236
0.239
0.234
0.235
0.237
0.235
0.234
0.234
0.237
0.236
0.232
0.234
0.238
0.234
0.233
0.233
0.233
0.233
0.234
0.234
0.236
0.236
0.232
0.236
0.242
0.237
0.235
0.234
0.238
0.240
0.235
0.236
0.235
0.236
0.234
0.238
0.239
0.235
0.236
0.235
0.241
0.238
0.239
0.238
0.239
0.237
0.238
0.237
0.237
0.238
0.235
0.239
0.236
0.236
0.236
0.238
0.236
0.241
0.240
0.240
0.244
0.241
0.236
0.235
0.236
0.239
0.241
0.238
0.238
0.241
0.238
0.238
0.237
0.237
0.241
0.240
0.241
0.238
0.240
0.239
0.238
0.238
0.238
0.244
0.239
0.245
0.241
0.243
0.240
0.238
0.241
0.241
0.239
0.241
0.245
0.241
0.238
0.241
0.241
0.239
0.241
0.240
0.241
0.242
0.242
0.241
0.241
0.240
0.241
0.240
0.243
0.243
0.244
0.242
0.242
0.242
0.240
0.241
0.244
0.242
0.242
0.243
0.243
0.245
0.244
0.240
0.244
0.244
0.241
0.250
0.244
0.244
0.243
0.242
0.245
0.242
0.242
0.244
0.243
0.247
0.241
0.243
0.242
0.246
0.244
0.244
0.244
0.246
0.241
0.244
0.245
0.243
0.245
0.243
0.244
0.244
0.245
0.247
0.244
0.243
0.244
0.247
0.247
0.243
0.243
0.249
0.244
0.244
0.245
0.245
0.245
0.242
0.246
0.245
0.245
0.244
0.244
0.246
0.245
0.247
0.250
0.246
0.248
0.247
0.244
0.246
0.248
0.248
0.249
0.245
0.248
0.251
0.247
0.252
0.246
0.250
0.245
0.248
0.251
0.251
0.251
0.245
0.250
0.249
0.250
0.246
0.248
0.246
0.247
0.248
0.248
0.249
0.256
0.248
0.247
0.249
0.250
0.249
0.256
0.249
0.250
0.249
0.249
0.257
0.250
0.248
0.250
0.251
0.250
0.250
0.250
0.249
0.248
0.254
0.248
0.249
0.248
0.251
0.248
0.250
0.252
0.255
0.250
0.251
0.255
0.252
0.252
0.257
0.255
0.256
0.256
0.251
0.254
0.253
0.251
0.251
0.250
0.253
0.251
0.249
0.252
0.250
0.254
0.253
0.249
0.252
0.252
0.255
0.253
0.255
0.258
0.253
0.255
0.252
0.251
0.250
0.254
0.252
0.251
0.257
0.252
0.257
0.253
0.253
0.257
0.254
0.250
0.254
0.258
0.253
0.251
0.257
0.255
0.252
0.258
0.256
0.255
0.256
0.255
0.255
0.253
0.254
0.257
0.253
0.255
0.259
0.258
0.253
0.256
0.255
0.256
0.256
0.252
0.261
0.255
0.259
0.255
0.257
0.256
0.258
0.255
0.254
0.256
0.258
0.260
0.258
0.257
0.261
0.257
0.256
0.257
0.262
0.255
0.256
0.258
0.254
0.258
0.256
0.256
0.256
0.261
0.259
0.262
0.260
0.255
0.258
0.259
0.257
0.257
0.258
0.259
0.265
0.259
0.261
0.259
0.259
0.258
0.257
0.258
0.257
0.258
0.257
0.263
0.256
0.256
0.259
0.262
0.261
0.260
0.262
0.259
0.257
0.261
0.262
0.261
0.261
0.259
0.264
0.257
0.264
0.263
0.260
0.259
0.261
0.266
0.261
0.263
0.261
0.260
0.262
0.263
0.258
0.258
0.268
0.263
0.269
0.259
0.261
0.258
0.259
0.262
0.260
0.259
0.262
0.258
0.257
0.262
0.259
0.261
0.256
0.262
0.268
0.263
0.267
0.270
0.266
0.262
0.270
0.261
0.261
0.262
0.263
0.262
0.260
0.264
0.268
0.262
0.264
0.264
0.266
0.263
0.264
0.264
0.265
0.263
0.265
0.263
0.262
0.263
0.268
0.264
0.265
0.261
0.263
0.263
0.265
0.267
0.262
0.270
0.266
0.264
0.262
0.265
0.266
0.266
0.270
0.262
0.265
0.268
0.266
0.268
0.268
0.264
0.268
0.262
0.269
0.279
0.269
0.265
0.263
0.267
0.265
0.267
0.264
0.266
0.264
0.264
0.264
0.265
0.267
0.269
0.268
0.266
0.268
0.269
0.265
0.268
0.269
0.267
0.265
0.267
0.269
0.266
0.271
0.271
0.264
0.272
0.268
0.267
0.269
0.264
0.263
0.269
0.266
0.270
0.270
0.270
0.267
0.267
0.270
0.271
0.268
0.273
0.267
0.270
0.268
0.270
0.269
0.266
0.269
0.275
0.272
0.267
0.275
0.275
0.270
0.273
0.269
0.270
0.273
0.274
0.271
0.277
0.271
0.274
0.278
0.272
0.273
0.272
0.273
0.274
0.270
0.271
0.270
0.275
0.273
0.272
0.275
0.270
0.271
0.275
0.270
0.273
0.275
0.276
0.276
0.271
0.272
0.272
0.272
0.279
0.273
0.272
0.271
0.273
0.270
0.271
0.273
0.274
0.276
0.273
0.276
0.271
0.279
0.276
0.272
0.274
0.275
0.273
0.276
0.277
0.274
0.278
0.272
0.275
0.272
0.272
0.274
0.273
0.273
0.274
0.277
0.277
0.274
0.276
0.274
0.274
0.275
0.273
0.274
0.275
0.276
0.280
0.275
0.282
0.276
0.274
0.277
0.281
0.277
0.280
0.277
0.284
0.283
0.287
0.276
0.276
0.277
0.276
0.276
0.277
0.279
0.278
0.280
0.277
0.276
0.275
0.277
0.276
0.277
0.275
0.278
0.279
0.274
0.275
0.279
0.280
0.278
0.282
0.299
0.286
0.287
0.286
0.279
0.286
0.281
0.278
0.278
0.280
0.276
0.281
0.282
0.277
0.281
0.279
0.282
0.283
0.279
0.279
0.278
0.279
0.280
0.279
0.277
0.281
0.279
0.281
0.280
0.287
0.280
0.284
0.281
0.281
0.292
0.281
0.281
0.280
0.281
0.280
0.281
0.284
0.282
0.279
0.283
0.281
0.283
0.283
0.281
0.282
0.286
0.287
0.284
0.283
0.279
0.283
0.283
0.280
0.279
0.279
0.282
0.283
0.280
0.283
0.283
0.281
0.282
0.281
0.283
0.278
0.282
0.280
0.280
0.290
0.283
0.294
0.281
0.280
0.284
0.285
0.290
0.284
0.282
0.287
0.284
0.281
0.284
0.283
0.284
0.281
0.295
0.286
0.286
0.286
0.287
0.289
0.285
0.296
0.285
0.287
0.287
0.283
0.282
0.289
0.286
0.291
0.289
0.288
0.286
0.290
0.286
0.283
0.285
0.282
0.284
0.289
0.287
0.283
0.285
0.286
0.288
0.282
0.288
0.289
0.285
0.286
0.286
0.286
0.285
0.286
0.287
0.291
0.285
0.297
0.289
0.297
0.287
0.291
0.293
0.285
0.284
0.291
0.300
0.293
0.293
0.295
0.292
0.301
0.297
0.294
0.294
0.291
0.295
0.292
0.288
0.286
0.288
0.289
0.287
0.288
0.288
0.288
0.286
0.295
0.288
0.297
0.291
0.285
0.291
0.288
0.292
0.293
0.291
0.288
0.290
0.296
0.291
0.302
0.292
0.290
0.288
0.292
0.294
0.288
0.291
0.289
0.291
0.288
0.289
0.289
0.291
0.291
0.288
0.289
0.288
0.290
0.292
0.292
0.290
0.292
0.293
0.290
0.292
0.296
0.291
0.291
0.296
0.292
0.292
0.298
0.290
0.291
0.302
0.295
0.292
0.297
0.292
0.298
0.292
0.295
0.294
0.291
0.295
0.294
0.291
0.292
0.294
0.298
0.301
0.294
0.299
0.292
0.292
0.299
0.293
0.295
0.297
0.294
0.294
0.296
0.292
0.299
0.293
0.294
0.298
0.297
0.292
0.295
0.299
0.293
0.293
0.291
0.294
0.293
0.294
0.294
0.295
0.298
0.297
0.295
0.295
0.296
0.305
0.297
0.295
0.293
0.298
0.294
0.296
0.294
0.297
0.300
0.303
0.295
0.302
0.306
0.298
0.298
0.293
0.295
0.296
0.299
0.295
0.294
0.300
0.298
0.298
0.295
0.296
0.297
0.299
0.299
0.298
0.297
0.298
0.298
0.299
0.297
0.294
0.296
0.302
0.304
0.300
0.302
0.298
0.301
0.300
0.297
0.299
0.299
0.297
0.304
0.300
0.298
0.299
0.298
0.298
0.302
0.305
0.303
0.300
0.300
0.299
0.308
0.299
0.297
0.298
0.305
0.302
0.301
0.301
0.299
0.298
0.301
0.302
0.299
0.302
0.303
0.302
0.303
0.304
0.299
0.298
0.300
0.301
0.303
0.302
0.302
0.308
0.302
0.299
0.303
0.306
0.300
0.300
0.300
0.303
0.303
0.303
0.302
0.309
0.305
0.301
0.311
0.307
0.308
0.302
0.302
0.305
0.302
0.306
0.304
0.303
0.302
0.305
0.301
0.306
0.307
0.310
0.306
0.302
0.307
0.306
0.305
0.302
0.301
0.305
0.306
0.312
0.310
0.301
0.302
0.309
0.304
0.304
0.310
0.307
0.308
0.306
0.302
0.306
0.304
0.303
0.308
0.304
0.306
0.307
0.301
0.308
0.308
0.310
0.306
0.306
0.308
0.302
0.304
0.305
0.307
0.311
0.307
0.304
0.307
0.308
0.304
0.308
0.303
0.308
0.304
0.309
0.305
0.309
0.308
0.307
0.315
0.311
0.308
0.306
0.307
0.306
0.308
0.309
0.314
0.307
0.308
0.307
0.314
0.314
0.315
0.311
0.311
0.307
0.313
0.309
0.308
0.310
0.307
0.307
0.308
0.306
0.315
0.310
0.305
0.311
0.309
0.315
0.313
0.315
0.311
0.314
0.311
0.309
0.313
0.312
0.313
0.310
0.313
0.313
0.312
0.311
0.308
0.307
0.313
0.311
0.313
0.310
0.311
0.306
0.311
0.311
0.316
0.316
0.312
0.310
0.310
0.319
0.313
0.311
0.311
0.312
0.315
0.314
0.312
0.313
0.314
0.313
0.315
0.312
0.312
0.315
0.311
0.317
0.318
0.316
0.315
0.314
0.314
0.316
0.316
0.316
0.315
0.310
0.315
0.318
0.311
0.314
0.315
0.315
0.316
0.318
0.315
0.319
0.311
0.313
0.317
0.312
0.321
0.324
0.321
0.314
0.315
0.315
0.317
0.319
0.315
0.314
0.316
0.314
0.319
0.318
0.319
0.319
0.317
0.314
0.314
0.316
0.314
0.320
0.315
0.315
0.315
0.316
0.317
0.319
0.317
0.317
0.319
0.316
0.316
0.315
0.323
0.314
0.315
0.317
0.320
0.318
0.320
0.322
0.315
0.317
0.321
0.316
0.321
0.319
0.317
0.319
0.318
0.321
0.321
0.317
0.320
0.321
0.320
0.318
0.321
0.318
0.317
0.317
0.319
0.321
0.321
0.317
0.315
0.318
0.321
0.329
0.324
0.321
0.322
0.321
0.320
0.327
0.323
0.320
0.320
0.320
0.320
0.321
0.318
0.325
0.324
0.321
0.318
0.321
0.326
0.320
0.325
0.324
0.329
0.318
0.319
0.324
0.320
0.323
0.324
0.321
0.321
0.324
0.319
0.323
0.319
0.322
0.323
0.328
0.320
0.322
0.326
0.322
0.325
0.320
0.324
0.320
0.322
0.323
0.322
0.322
0.323
0.325
0.320
0.325
0.326
0.319
0.325
0.325
0.327
0.334
0.326
0.326
0.329
0.324
0.324
0.324
0.321
0.322
0.323
0.329
0.320
0.320
0.326
0.322
0.324
0.327
0.327
0.329
0.323
0.325
0.324
0.324
0.328
0.326
0.326
0.325
0.329
0.330
0.322
0.327
0.324
0.327
0.323
0.327
0.324
0.321
0.327
0.327
0.325
0.324
0.324
0.330
0.333
0.330
0.327
0.327
0.324
0.326
0.325
0.327
0.326
0.329
0.323
0.330
0.328
0.330
0.329
0.326
0.328
0.323
0.327
0.329
0.331
0.324
0.328
0.328
0.327
0.326
0.329
0.328
0.331
0.328
0.333
0.326
0.327
0.332
0.325
0.328
0.335
0.340
0.334
0.326
0.327
0.328
0.331
0.329
0.328
0.326
0.333
0.328
0.334
0.334
0.331
0.328
0.329
0.331
0.334
0.328
0.331
0.329
0.328
0.328
0.339
0.335
0.329
0.330
0.332
0.333
0.331
0.333
0.330
0.327
0.336
0.340
0.330
0.344
0.328
0.329
0.332
0.329
0.332
0.334
0.335
0.341
0.332
0.334
0.332
0.330
0.332
0.330
0.330
0.330
0.339
0.331
0.332
0.330
0.330
0.332
0.333
0.329
0.331
0.336
0.336
0.329
0.331
0.334
0.332
0.342
0.339
0.334
0.335
0.329
0.336
0.331
0.330
0.334
0.335
0.331
0.336
0.338
0.337
0.338
0.340
0.338
0.332
0.335
0.337
0.334
0.334
0.341
0.339
0.338
0.337
0.337
0.335
0.333
0.339
0.341
0.338
0.337
0.335
0.341
0.334
0.333
0.340
0.341
0.336
0.335
0.334
0.339
0.342
0.337
0.340
0.339
0.340
0.339
0.333
0.334
0.334
0.337
0.337
0.340
0.335
0.342
0.334
0.341
0.341
0.338
0.344
0.338
0.336
0.341
0.338
0.341
0.336
0.335
0.343
0.340
0.346
0.341
0.338
0.341
0.346
0.348
0.339
0.335
0.339
0.339
0.341
0.339
0.343
0.341
0.339
0.343
0.342
0.341
0.339
0.341
0.338
0.342
0.340
0.336
0.345
0.344
0.343
0.348
0.346
0.339
0.340
0.340
0.338
0.346
0.346
0.341
0.342
0.340
0.344
0.342
0.342
0.341
0.343
0.343
0.341
0.341
0.346
0.340
0.340
0.342
0.340
0.347
0.342
0.340
0.342
0.338
0.345
0.340
0.344
0.344
0.343
0.344
0.340
0.344
0.343
0.345
0.342
0.349
0.339
0.347
0.342
0.343
0.346
0.342
0.354
0.344
0.353
0.343
0.343
0.347
0.343
0.347
0.349
0.344
0.344
0.342
0.345
0.345
0.342
0.347
0.343
0.347
0.345
0.347
0.343
0.347
0.352
0.347
0.344
0.343
0.341
0.348
0.348
0.347
0.346
0.345
0.348
0.350
0.346
0.348
0.344
0.353
0.346
0.345
0.350
0.345
0.348
0.351
0.355
0.353
0.354
0.345
0.349
0.346
0.353
0.345
0.349
0.350
0.344
0.344
0.344
0.350
0.356
0.345
0.346
0.350
0.346
0.350
0.352
0.347
0.353
0.346
0.354
0.349
0.347
0.348
0.352
0.352
0.349
0.347
0.349
0.351
0.349
0.359
0.347
0.349
0.346
0.346
0.349
0.349
0.351
0.349
0.349
0.347
0.348
0.348
0.345
0.353
0.357
0.345
0.350
0.359
0.347
0.353
0.350
0.350
0.350
0.350
0.352
0.351
0.352
0.350
0.351
0.352
0.355
0.349
0.356
0.354
0.353
0.349
0.353
0.354
0.351
0.351
0.353
0.349
0.359
0.356
0.353
0.348
0.354
0.354
0.349
0.347
0.351
0.348
0.351
0.354
0.356
0.355
0.353
0.350
0.363
0.353
0.361
0.355
0.353
0.357
0.353
0.361
0.352
0.351
0.351
0.354
0.349
0.356
0.355
0.351
0.354
0.355
0.354
0.359
0.355
0.354
0.361
0.351
0.353
0.356
0.354
0.355
0.360
0.354
0.359
0.359
0.357
0.352
0.355
0.355
0.367
0.354
0.355
0.359
0.356
0.352
0.354
0.356
0.357
0.356
0.355
0.358
0.357
0.359
0.352
0.355
0.355
0.355
0.354
0.362
0.360
0.356
0.359
0.355
0.360
0.357
0.355
0.360
0.358
0.358
0.356
0.356
0.363
0.359
0.358
0.360
0.357
0.357
0.357
0.356
0.357
0.361
0.360
0.357
0.362
0.361
0.360
0.358
0.354
0.366
0.358
0.356
0.361
0.356
0.356
0.362
0.357
0.363
0.358
0.356
0.355
0.362
0.359
0.364
0.364
0.360
0.362
0.359
0.365
0.358
0.360
0.359
0.362
0.356
0.356
0.366
0.358
0.359
0.363
0.362
0.359
0.360
0.360
0.368
0.366
0.365
0.368
0.359
0.358
0.371
0.372
0.361
0.360
0.359
0.362
0.362
0.362
0.363
0.359
0.363
0.365
0.366
0.361
0.362
0.362
0.357
0.362
0.366
0.360
0.365
0.364
0.361
0.362
0.362
0.364
0.362
0.364
0.361
0.363
0.361
0.363
0.369
0.368
0.362
0.363
0.363
0.365
0.364
0.369
0.362
0.362
0.366
0.361
0.364
0.363
0.369
0.365
0.364
0.368
0.364
0.370
0.365
0.364
0.366
0.367
0.373
0.367
0.369
0.368
0.367
0.367
0.359
0.366
0.363
0.370
0.361
0.369
0.367
0.367
0.372
0.362
0.366
0.365
0.366
0.365
0.369
0.371
0.362
0.366
0.369
0.367
0.370
0.365
0.369
0.371
0.370
0.369
0.373
0.368
0.374
0.370
0.367
0.363
0.368
0.367
0.372
0.370
0.368
0.369
0.368
0.369
0.368
0.378
0.372
0.365
0.366
0.374
0.371
0.366
0.369
0.367
0.370
0.368
0.369
0.368
0.371
0.376
0.371
0.375
0.371
0.368
0.368
0.373
0.367
0.366
0.373
0.366
0.375
0.368
0.368
0.372
0.370
0.367
0.369
0.371
0.371
0.376
0.369
0.372
0.371
0.375
0.373
0.373
0.369
0.370
0.373
0.371
0.372
0.376
0.368
0.371
0.373
0.372
0.374
0.375
0.375
0.377
0.371
0.377
0.372
0.377
0.374
0.373
0.371
0.372
0.372
0.375
0.370
0.378
0.369
0.374
0.372
0.378
0.374
0.372
0.372
0.373
0.371
0.375
0.376
0.373
0.377
0.372
0.372
0.373
0.377
0.372
0.372
0.373
0.379
0.372
0.375
0.380
0.381
0.383
0.376
0.375
0.372
0.378
0.377
0.374
0.376
0.378
0.373
0.375
0.375
0.379
0.375
0.376
0.376
0.376
0.371
0.377
0.381
0.372
0.377
0.376
0.377
0.382
0.377
0.382
0.377
0.377
0.379
0.374
0.380
0.380
0.383
0.380
0.378
0.372
0.383
0.380
0.387
0.378
0.379
0.390
0.374
0.378
0.377
0.376
0.376
0.377
0.390
0.376
0.380
0.378
0.378
0.375
0.375
0.381
0.380
0.381
0.384
0.383
0.378
0.377
0.378
0.387
0.381
0.379
0.388
0.379
0.375
0.380
0.383
0.381
0.374
0.378
0.382
0.382
0.377
0.379
0.378
0.385
0.386
0.378
0.380
0.383
0.376
0.381
0.377
0.384
0.379
0.378
0.379
0.382
0.391
0.387
0.383
0.378
0.384
0.381
0.379
0.378
0.377
0.391
0.385
0.386
0.381
0.385
0.383
0.378
0.381
0.380
0.384
0.380
0.381
0.383
0.390
0.385
0.387
0.386
0.384
0.386
0.383
0.382
0.388
0.383
0.385
0.385
0.382
0.386
0.379
0.380
0.381
0.380
0.385
0.386
0.387
0.388
0.383
0.388
0.381
0.385
0.384
0.384
0.388
0.389
0.389
0.383
0.386
0.383
0.382
0.382
0.384
0.386
0.383
0.386
0.386
0.383
0.391
0.401
0.391
0.385
0.391
0.385
0.391
0.390
0.390
0.385
0.388
0.386
0.383
0.387
0.385
0.391
0.393
0.384
0.393
0.396
0.388
0.395
0.387
0.391
0.392
0.396
0.399
0.389
0.395
0.394
0.407
0.401
0.401
0.403
0.386
0.390
0.397
0.389
0.390
0.393
0.386
0.396
0.390
0.391
0.391
0.390
0.396
0.390
0.407
0.387
0.392
0.392
0.393
0.391
0.395
0.399
0.389
0.391
0.388
0.394
0.389
0.389
0.386
0.395
0.393
0.399
0.393
0.395
0.388
0.397
0.393
0.395
0.392
0.391
0.390
0.394
0.395
0.394
0.393
0.389
0.389
0.398
0.395
0.389
0.391
0.394
0.394
0.391
0.393
0.396
0.393
0.396
0.393
0.391
0.394
0.395
0.394
0.397
0.389
0.396
0.395
0.392
0.390
0.400
0.392
0.389
0.393
0.399
0.395
0.397
0.397
0.399
0.395
0.399
0.389
0.390
0.390
0.398
0.393
0.402
0.395
0.393
0.392
0.396
0.389
0.394
0.395
0.392
0.398
0.407
0.403
0.393
0.402
0.397
0.395
0.398
0.395
0.396
0.393
0.397
0.397
0.406
0.393
0.396
0.396
0.393
0.396
0.396
0.398
0.395
0.397
0.393
0.413
0.392
0.399
0.393
0.398
0.395
0.393
0.397
0.393
0.400
0.395
0.400
0.399
0.399
0.394
0.402
0.399
0.396
0.398
0.397
0.396
0.396
0.405
0.396
0.399
0.396
0.402
0.396
0.398
0.400
0.398
0.399
0.394
0.396
0.401
0.396
0.398
0.396
0.408
0.399
0.398
0.408
0.405
0.398
0.398
0.400
0.398
0.397
0.405
0.401
0.400
0.400
0.397
0.399
0.403
0.396
0.399
0.398
0.399
0.399
0.402
0.402
0.406
0.404
0.403
0.404
0.403
0.399
0.400
0.401
0.397
0.397
0.402
0.405
0.400
0.404
0.403
0.409
0.404
0.402
0.399
0.402
0.403
0.402
0.402
0.400
0.405
0.406
0.403
0.399
0.407
0.401
0.405
0.405
0.405
0.409
0.403
0.402
0.401
0.403
0.406
0.408
0.406
0.415
0.403
0.405
0.400
0.400
0.407
0.403
0.403
0.401
0.400
0.403
0.405
0.406
0.408
0.401
0.400
0.403
0.401
0.408
0.408
0.401
0.403
0.415
0.409
0.412
0.406
0.405
0.405
0.405
0.404
0.412
0.413
0.405
0.411
0.405
0.404
0.405
0.407
0.409
0.407
0.406
0.412
0.405
0.404
0.408
0.413
0.415
0.401
0.419
0.408
0.407
0.410
0.402
0.408
0.410
0.403
0.414
0.407
0.420
0.412
0.405
0.410
0.407
0.408
0.404
0.410
0.424
0.421
0.417
0.418
0.411
0.408
0.407
0.403
0.419
0.428
0.415
0.410
0.411
0.412
0.410
0.408
0.412
0.406
0.411
0.406
0.405
0.409
0.411
0.411
0.415
0.410
0.407
0.419
0.424
0.425
0.416
0.413
0.415
0.404
0.408
0.410
0.407
0.412
0.413
0.409
0.414
0.412
0.408
0.409
0.406
0.411
0.410
0.411
0.415
0.410
0.410
0.416
0.410
0.412
0.414
0.415
0.412
0.412
0.414
0.413
0.416
0.414
0.410
0.412
0.412
0.417
0.418
0.409
0.414
0.413
0.411
0.411
0.412
0.421
0.418
0.417
0.416
0.417
0.411
0.415
0.413
0.421
0.413
0.416
0.415
0.423
0.416
0.413
0.410
0.412
0.423
0.413
0.413
0.421
0.415
0.413
0.429
0.414
0.413
0.428
0.415
0.418
0.412
0.415
0.411
0.414
0.413
0.416
0.428
0.412
0.422
0.413
0.415
0.416
0.420
0.414
0.416
0.418
0.425
0.417
0.419
0.415
0.422
0.415
0.415
0.416
0.418
0.414
0.415
0.413
0.413
0.415
0.421
0.416
0.418
0.424
0.424
0.418
0.417
0.425
0.414
0.423
0.413
0.418
0.417
0.417
0.420
0.415
0.415
0.422
0.418
0.415
0.419
0.416
0.420
0.417
0.419
0.419
0.415
0.417
0.413
0.415
0.420
0.426
0.420
0.421
0.420
0.424
0.422
0.422
0.422
0.425
0.421
0.423
0.423
0.425
0.429
0.425
0.424
0.430
0.419
0.423
0.418
0.420
0.419
0.416
0.420
0.419
0.428
0.420
0.417
0.419
0.424
0.420
0.422
0.423
0.420
0.429
0.428
0.418
0.419
0.425
0.420
0.425
0.422
0.422
0.423
0.423
0.422
0.434
0.423
0.422
0.422
0.429
0.422
0.417
0.423
0.427
0.428
0.424
0.428
0.424
0.419
0.422
0.429
0.425
0.424
0.421
0.426
0.421
0.419
0.424
0.420
0.439
0.422
0.422
0.418
0.444
0.428
0.424
0.422
0.429
0.426
0.423
0.421
0.431
0.425
0.424
0.423
0.428
0.435
0.424
0.423
0.425
0.429
0.430
0.426
0.424
0.429
0.425
0.431
0.429
0.429
0.427
0.423
0.432
0.423
0.428
0.427
0.426
0.424
0.425
0.429
0.428
0.433
0.426
0.425
0.426
0.433
0.430
0.430
0.429
0.422
0.430
0.433
0.429
0.427
0.429
0.430
0.427
0.426
0.430
0.441
0.429
0.431
0.429
0.426
0.429
0.434
0.427
0.426
0.425
0.426
0.430
0.432
0.429
0.435
0.424
0.431
0.431
0.430
0.432
0.438
0.430
0.431
0.437
0.435
0.428
0.427
0.431
0.429
0.436
0.429
0.429
0.430
0.431
0.427
0.427
0.438
0.438
0.431
0.442
0.431
0.430
0.430
0.433
0.430
0.434
0.433
0.432
0.429
0.433
0.433
0.433
0.431
0.430
0.432
0.430
0.436
0.446
0.431
0.431
0.428
0.433
0.437
0.434
0.439
0.438
0.431
0.432
0.439
0.430
0.438
0.431
0.435
0.433
0.430
0.438
0.435
0.433
0.433
0.435
0.436
0.434
0.441
0.435
0.438
0.431
0.433
0.431
0.441
0.433
0.436
0.434
0.435
0.434
0.436
0.434
0.431
0.433
0.435
0.439
0.436
0.430
0.436
0.434
0.435
0.435
0.441
0.441
0.436
0.439
0.439
0.433
0.433
0.432
0.438
0.431
0.434
0.435
0.435
0.436
0.432
0.434
0.439
0.435
0.441
0.430
0.434
0.439
0.437
0.450
0.434
0.435
0.444
0.436
0.441
0.440
0.446
0.435
0.436
0.450
0.440
0.435
0.443
0.435
0.442
0.436
0.441
0.439
0.432
0.439
0.437
0.435
0.437
0.435
0.440
0.437
0.436
0.444
0.441
0.438
0.440
0.438
0.440
0.437
0.447
0.442
0.441
0.434
0.438
0.440
0.437
0.436
0.440
0.440
0.435
0.436
0.438
0.440
0.451
0.459
0.453
0.440
0.440
0.440
0.439
0.447
0.443
0.441
0.445
0.444
0.444
0.440
0.447
0.449
0.447
0.440
0.438
0.435
0.442
0.449
0.450
0.441
0.442
0.451
0.443
0.441
0.440
0.438
0.440
0.442
0.439
0.444
0.438
0.447
0.438
0.439
0.449
0.443
0.444
0.444
0.442
0.444
0.451
0.459
0.456
0.447
0.462
0.449
0.456
0.442
0.450
0.445
0.446
0.441
0.449
0.442
0.442
0.446
0.445
0.441
0.440
0.441
0.446
0.442
0.444
0.443
0.445
0.447
0.444
0.448
0.452
0.447
0.442
0.446
0.453
0.448
0.443
0.448
0.452
0.448
0.453
0.441
0.445
0.445
0.442
0.447
0.441
0.457
0.448
0.457
0.445
0.455
0.448
0.449
0.448
0.444
0.446
0.446
0.446
0.449
0.443
0.443
0.451
0.449
0.452
0.444
0.445
0.455
0.445
0.449
0.451
0.460
0.451
0.449
0.446
0.454
0.446
0.452
0.443
0.446
0.447
0.451
0.447
0.447
0.451
0.447
0.447
0.453
0.446
0.449
0.451
0.455
0.451
0.446
0.452
0.451
0.445
0.448
0.452
0.459
0.457
0.450
0.449
0.466
0.453
0.450
0.448
0.447
0.451
0.454
0.451
0.445
0.448
0.448
0.451
0.451
0.456
0.447
0.447
0.449
0.448
0.456
0.455
0.449
0.448
0.452
0.451
0.452
0.454
0.453
0.453
0.446
0.460
0.453
0.450
0.449
0.454
0.455
0.468
0.454
0.453
0.452
0.452
0.450
0.451
0.456
0.454
0.447
0.454
0.447
0.451
0.454
0.451
0.447
0.457
0.462
0.450
0.447
0.459
0.455
0.453
0.453
0.449
0.456
0.456
0.455
0.453
0.454
0.449
0.454
0.455
0.457
0.458
0.460
0.455
0.451
0.459
0.455
0.463
0.453
0.457
0.464
0.458
0.455
0.455
0.460
0.458
0.456
0.454
0.454
0.456
0.454
0.456
0.458
0.454
0.456
0.469
0.460
0.460
0.456
0.470
0.462
0.453
0.453
0.459
0.452
0.460
0.456
0.458
0.464
0.462
0.461
0.459
0.456
0.463
0.462
0.459
0.456
0.463
0.455
0.466
0.455
0.464
0.456
0.458
0.457
0.456
0.463
0.472
0.458
0.465
0.455
0.460
0.462
0.462
0.463
0.459
0.461
0.459
0.458
0.459
0.459
0.470
0.467
0.457
0.462
0.453
0.467
0.458
0.462
0.468
0.461
0.458
0.459
0.458
0.461
0.474
0.463
0.462
0.463
0.460
0.470
0.467
0.461
0.462
0.459
0.469
0.469
0.463
0.464
0.463
0.458
0.463
0.463
0.467
0.458
0.467
0.464
0.461
0.470
0.469
0.463
0.464
0.467
0.463
0.467
0.465
0.461
0.466
0.463
0.470
0.469
0.461
0.478
0.470
0.466
0.463
0.462
0.466
0.461
0.464
0.470
0.464
0.470
0.477
0.467
0.464
0.461
0.467
0.460
0.464
0.461
0.462
0.469
0.459
0.469
0.468
0.466
0.471
0.462
0.471
0.469
0.471
0.463
0.465
0.467
0.462
0.470
0.468
0.473
0.468
0.467
0.473
0.461
0.467
0.469
0.476
0.468
0.477
0.470
0.466
0.468
0.462
0.467
0.470
0.466
0.473
0.467
0.467
0.466
0.469
0.460
0.472
0.467
0.462
0.467
0.469
0.467
0.467
0.466
0.468
0.475
0.468
0.466
0.468
0.464
0.480
0.475
0.480
0.475
0.473
0.464
0.467
0.469
0.475
0.474
0.475
0.465
0.469
0.473
0.471
0.476
0.469
0.469
0.474
0.480
0.475
0.465
0.468
0.465
0.471
0.462
0.465
0.479
0.468
0.473
0.477
0.472
0.478
0.469
0.468
0.466
0.474
0.476
0.472
0.474
0.469
0.478
0.472
0.467
0.474
0.474
0.472
0.476
0.470
0.470
0.471
0.475
0.470
0.467
0.475
0.470
0.472
0.470
0.480
0.473
0.474
0.476
0.469
0.475
0.473
0.476
0.476
0.472
0.477
0.473
0.473
0.478
0.477
0.475
0.476
0.475
0.475
0.480
0.471
0.478
0.477
0.480
0.485
0.479
0.482
0.474
0.476
0.477
0.476
0.480
0.482
0.472
0.476
0.478
0.473
0.473
0.472
0.478
0.481
0.475
0.476
0.477
0.476
0.483
0.479
0.472
0.483
0.481
0.477
0.473
0.476
0.473
0.476
0.483
0.473
0.479
0.478
0.479
0.485
0.474
0.479
0.477
0.478
0.480
0.477
0.481
0.481
0.479
0.478
0.479
0.488
0.479
0.474
0.483
0.480
0.476
0.476
0.479
0.479
0.478
0.476
0.477
0.472
0.477
0.481
0.475
0.483
0.473
0.477
0.477
0.481
0.480
0.478
0.482
0.486
0.476
0.487
0.478
0.473
0.478
0.479
0.479
0.479
0.487
0.481
0.479
0.477
0.485
0.483
0.473
0.476
0.479
0.477
0.480
0.477
0.479
0.488
0.477
0.491
0.486
0.483
0.483
0.482
0.493
0.476
0.483
0.480
0.479
0.477
0.479
0.480
0.488
0.481
0.495
0.493
0.482
0.484
0.485
0.481
0.479
0.477
0.486
0.484
0.482
0.489
0.482
0.491
0.479
0.481
0.480
0.486
0.490
0.486
0.483
0.486
0.476
0.479
0.484
0.480
0.481
0.491
0.483
0.483
0.482
0.482
0.482
0.480
0.483
0.483
0.480
0.479
0.483
0.488
0.480
0.484
0.489
0.483
0.489
0.480
0.484
0.488
0.481
0.484
0.493
0.493
0.484
0.483
0.482
0.491
0.483
0.488
0.487
0.483
0.487
0.491
0.481
0.485
0.491
0.493
0.489
0.484
0.491
0.487
0.489
0.482
0.486
0.497
0.484
0.490
0.492
0.490
0.491
0.487
0.482
0.485
0.491
0.486
0.482
0.485
0.483
0.486
0.492
0.483
0.488
0.483
0.484
0.489
0.490
0.482
0.490
0.488
0.487
0.484
0.487
0.490
0.502
0.491
0.490
0.485
0.494
0.496
0.492
0.487
0.487
0.492
0.489
0.492
0.488
0.487
0.494
0.489
0.491
0.487
0.491
0.495
0.494
0.490
0.486
0.492
0.491
0.490
0.487
0.496
0.492
0.489
0.486
0.489
0.489
0.492
0.492
0.492
0.487
0.495
0.502
0.489
0.491
0.495
0.499
0.493
0.487
0.496
0.493
0.489
0.499
0.490
0.490
0.495
0.488
0.494
0.495
0.489
0.492
0.496
0.494
0.490
0.491
0.490
0.494
0.501
0.494
0.492
0.491
0.497
0.493
0.494
0.494
0.491
0.495
0.491
0.494
0.493
0.489
0.496
0.494
0.498
0.490
0.494
0.495
0.496
0.495
0.508
0.501
0.493
0.502
0.501
0.493
0.497
0.490
0.498
0.496
0.494
0.493
0.489
0.501
0.503
0.491
0.496
0.501
0.494
0.492
0.500
0.497
0.491
0.503
0.508
0.502
0.503
0.498
0.510
0.495
0.494
0.495
0.491
0.494
0.494
0.502
0.492
0.495
0.491
0.492
0.496
0.497
0.503
0.500
0.499
0.491
0.498
0.499
0.496
0.503
0.501
0.500
0.501
0.502
0.498
0.500
0.502
0.497
0.497
0.504
0.506
0.498
0.503
0.496
0.520
0.514
0.501
0.509
0.502
0.504
0.504
0.504
0.513
0.503
0.507
0.504
0.498
0.505
0.499
0.502
0.515
0.509
0.502
0.496
0.509
0.500
0.508
0.504
0.508
0.504
0.510
0.500
0.503
0.500
0.503
0.504
0.504
0.505
0.502
0.512
0.502
0.517
0.505
0.508
0.503
0.504
0.511
0.506
0.505
0.510
0.504
0.510
0.510
0.505
0.504
0.503
0.504
0.499
0.514
0.501
0.508
0.508
0.500
0.503
0.502
0.500
0.501
0.503
0.515
0.502
0.504
0.506
0.501
0.508
0.505
0.509
0.506
0.506
0.523
0.520
0.509
0.512
0.507
0.505
0.511
0.499
0.503
0.506
0.505
0.508
0.508
0.504
0.507
0.506
0.507
0.504
0.502
0.504
0.510
0.506
0.511
0.509
0.504
0.507
0.504
0.507
0.505
0.506
0.507
0.515
0.508
0.505
0.507
0.510
0.510
0.506
0.508
0.524
0.508
0.513
0.506
0.512
0.503
0.505
0.516
0.503
0.507
0.517
0.511
0.510
0.511
0.509
0.512
0.507
0.514
0.509
0.517
0.522
0.513
0.509
0.509
0.508
0.509
0.512
0.507
0.509
0.515
0.511
0.503
0.518
0.509
0.509
0.508
0.511
0.514
0.513
0.522
0.512
0.513
0.513
0.513
0.512
0.510
0.511
0.516
0.518
0.513
0.506
0.511
0.514
0.511
0.511
0.515
0.514
0.519
0.511
0.523
0.514
0.514
0.514
0.509
0.509
0.512
0.513
0.507
0.514
0.510
0.512
0.512
0.512
0.511
0.511
0.520
0.518
0.519
0.518
0.513
0.513
0.519
0.515
0.518
0.512
0.515
0.512
0.522
0.525
0.514
0.513
0.515
0.514
0.511
0.512
0.517
0.516
0.517
0.509
0.512
0.513
0.521
0.517
0.517
0.511
0.518
0.519
0.513
0.518
0.508
0.514
0.510
0.515
0.508
0.520
0.520
0.515
0.513
0.520
0.513
0.515
0.513
0.525
0.507
0.512
0.518
0.516
0.520
0.513
0.515
0.512
0.508
0.521
0.516
0.518
0.527
0.511
0.513
0.518
0.521
0.518
0.515
0.517
0.522
0.522
0.517
0.519
0.516
0.518
0.512
0.521
0.524
0.519
0.517
0.518
0.519
0.514
0.516
0.519
0.520
0.530
0.520
0.516
0.519
0.513
0.515
0.521
0.518
0.517
0.512
0.518
0.521
0.521
0.517
0.518
0.515
0.520
0.519
0.524
0.520
0.522
0.521
0.521
0.520
0.522
0.517
0.526
0.523
0.520
0.515
0.521
0.518
0.524
0.519
0.516
0.523
0.523
0.532
0.526
0.518
0.522
0.517
0.519
0.525
0.522
0.521
0.517
0.523
0.516
0.521
0.526
0.520
0.520
0.526
0.524
0.522
0.532
0.521
0.519
0.522
0.523
0.526
0.522
0.528
0.523
0.520
0.525
0.526
0.530
0.524
0.524
0.524
0.537
0.525
0.528
0.523
0.521
0.523
0.527
0.524
0.522
0.526
0.529
0.532
0.521
0.522
0.525
0.522
0.524
0.520
0.527
0.531
0.526
0.523
0.530
0.525
0.520
0.534
0.522
0.518
0.529
0.528
0.540
0.527
0.526
0.533
0.525
0.544
0.524
0.522
0.524
0.523
0.522
0.524
0.528
0.528
0.544
0.527
0.525
0.535
0.537
0.529
0.529
0.534
0.525
0.525
0.539
0.536
0.524
0.530
0.527
0.526
0.529
0.528
0.539
0.526
0.525
0.532
0.525
0.525
0.523
0.531
0.530
0.522
0.525
0.528
0.531
0.525
0.523
0.547
0.537
0.526
0.522
0.528
0.541
0.542
0.536
0.531
0.527
0.530
0.533
0.530
0.532
0.538
0.526
0.531
0.534
0.534
0.531
0.531
0.528
0.525
0.528
0.531
0.527
0.527
0.541
0.529
0.532
0.525
0.535
0.533
0.544
0.530
0.533
0.527
0.534
0.536
0.533
0.533
0.538
0.534
0.538
0.537
0.536
0.534
0.537
0.538
0.526
0.532
0.535
0.531
0.534
0.536
0.532
0.534
0.532
0.537
0.531
0.532
0.537
0.541
0.535
0.539
0.535
0.548
0.551
0.554
0.555
0.564
0.565
0.553
0.582
0.553
0.549
0.555
0.545
0.553
0.562
0.559
0.562
0.536
0.555
0.556
0.552
0.562
0.551
0.565
0.679
0.700
0.582
0.585
0.570
0.563
0.552
0.563
0.638
0.686
0.676
0.656
0.615
0.667
0.660
0.598
0.575
0.588
0.591
0.574
0.569
0.570
0.572
0.582
0.581
0.581
0.573
0.570
0.580
0.574
0.571
0.579
0.590
0.573
0.577
0.575
0.569
0.565
0.570
0.581
0.568
0.571
0.567
0.567
0.575
0.590
0.572
0.640
0.565
0.592
0.582
0.597
0.596
0.644
0.639
0.582
0.559
0.577
0.589
0.559
0.575
0.567
0.567
0.574
0.570
0.571
0.572
0.570
0.573
0.582
0.573
0.571
0.574
0.576
0.577
0.582
0.575
0.575
0.581
0.567
0.569
0.587
0.549
0.559
0.566
0.578
0.581
0.571
0.564
0.583
0.648
0.620
0.576
0.564
0.576
0.565
0.609
0.567
0.577
0.595
0.569
0.568
0.564
0.574
0.572
0.595
0.568
0.576
0.567
0.563
0.578
0.599
0.566
0.583
0.591
0.570
0.611
0.638
0.632
0.633
0.643
0.613
0.650
0.622
0.620
0.606
0.615
0.615
0.612
0.636
0.622
0.616
0.612
0.623
0.617
0.635
0.613
0.612
0.622
0.618
0.617
0.609
0.634
0.610
0.609
0.602
0.586
0.589
0.578
0.585
0.579
0.673
0.626
0.620
0.617
0.652
0.592
0.595
0.580
0.580
0.578
0.577
0.582
0.581
0.579
0.571
0.583
0.575
0.579
0.597
0.617
0.595
0.605
0.596
0.604
0.616
0.592
0.594
0.598
0.602
0.613
0.626
0.581
0.586
0.585
0.696
0.616
0.594
0.590
0.590
0.585
0.579
0.590
0.597
0.596
0.599
0.591
0.587
0.582
0.586
0.604
0.585
0.575
0.579
0.570
0.590
0.653
0.576
0.602
0.599
0.585
0.593
0.584
0.577
0.597
0.576
0.589
0.580
0.589
0.590
0.594
0.602
0.587
0.589
0.596
0.584
0.592
0.590
0.585
0.593
0.583
0.595
0.602
0.601
0.586
0.597
0.594
0.592
0.593
0.592
0.585
0.607
0.595
0.613
0.597
0.596
0.595
0.596
0.592
0.587
0.597
0.613
0.603
0.611
0.590
0.583
0.627
0.591
0.590
0.583
0.582
0.584
0.589
0.604
0.577
0.602
0.597
0.585
0.607
0.613
0.653
0.629
0.585
0.590
0.589
0.583
0.594
0.600
0.594
0.599
0.594
0.599
0.587
0.590
0.597
0.594
0.588
0.602
0.597
0.600
0.607
0.611
0.596
0.628
0.592
0.590
0.598
0.609
0.599
0.602
0.611
0.597
0.602
0.594
0.601
0.596
0.600
0.601
0.595
0.605
0.611
0.592
0.589
0.603
0.589
0.600
0.589
0.617
0.593
0.593
0.598
0.597
0.603
0.602
0.605
0.597
0.595
0.595
0.592
0.594
0.625
0.593
0.594
0.596
0.602
0.592
0.584
0.642
0.596
0.593
0.600
0.613
0.605
0.591
0.609
0.603
0.595
0.601
0.595
0.598
0.598
0.599
0.605
0.606
0.602
0.608
0.617
0.616
0.608
0.604
0.610
0.598
0.601
0.608
0.622
0.594
0.600
0.587
0.635
0.592
0.612
0.604
0.609
0.603
0.601
0.608
0.592
0.620
0.594
0.598
0.604
0.598
0.594
0.607
0.615
0.600
0.611
0.602
0.604
0.603
0.617
0.607
0.603
0.595
0.601
0.608
0.601
0.593
0.597
0.601
0.588
0.593
0.612
0.602
0.668
0.630
0.661
0.650
0.620
0.625
0.624
0.607
0.690
0.657
0.649
0.610
0.618
0.615
0.636
0.617
0.601
0.615
0.617
0.611
0.629
0.621
0.619
0.626
0.623
0.648
0.622
0.619
0.622
0.633
0.610
0.614
0.678
0.630
0.622
0.625
0.595
0.618
0.588
0.608
0.594
0.599
0.633
0.597
0.682
0.687
0.625
0.691
0.620
0.626
0.640
0.632
0.674
0.628
0.620
0.624
0.652
0.759
0.744
0.638
0.689
0.635
0.706
0.628
0.617
0.614
0.630
0.617
0.619
0.640
0.677
0.659
0.738
0.774
0.749
0.698
0.622
0.626
0.621
0.676
0.709
0.630
0.594
0.603
0.597
0.672
0.611
0.612
0.620
0.609
0.626
0.617
0.607
0.617
0.635
0.628
0.656
0.625
0.609
0.614
0.639
0.615
0.613
0.627
0.609
0.616
0.613
0.628
0.619
0.612
0.613
0.622
0.622
0.614
0.609
0.615
0.617
0.653
0.667
0.605
0.628
0.612
0.636
0.609
0.610
0.616
0.622
0.603
0.618
0.619
0.608
0.619
0.618
0.636
0.618
0.627
0.617
0.648
0.612
0.632
0.612
0.610
0.612
0.620
0.608
0.607
0.628
0.613
0.612
0.613
0.629
0.609
0.615
0.617
0.646
0.617
0.633
0.620
0.608
0.645
0.675
0.661
0.644
0.660
0.618
0.700
0.680
0.626
0.637
0.624
0.631
0.629
0.631
0.616
0.605
0.628
0.624
0.655
0.674
0.644
0.653
0.635
0.609
0.608
0.624
0.612
0.721
0.640
0.622
0.619
0.642
0.613
0.613
0.611
0.610
0.616
0.610
0.628
0.620
0.623
0.617
0.618
0.633
0.635
0.628
0.608
0.615
0.615
0.622
0.639
0.618
0.626
0.625
0.656
0.659
0.631
0.647
0.617
0.620
0.624
0.621
0.621
0.636
0.625
0.629
0.626
0.633
0.622
0.624
0.644
0.635
0.628
0.635
0.637
0.634
0.745
0.621
0.636
0.661
0.633
0.632
0.633
0.648
0.629
0.632
0.626
0.626
0.650
0.631
0.626
0.632
0.620
0.628
0.622
0.632
0.618
0.622
0.620
0.617
0.638
0.633
0.635
0.621
0.630
0.631
0.635
0.629
0.651
0.637
0.630
0.638
0.633
0.638
0.634
0.624
0.633
0.637
0.641
0.635
0.638
0.644
0.642
0.635
0.629
0.637
0.636
0.649
0.632
0.627
0.641
0.632
0.629
0.651
0.634
0.636
0.640
0.635
0.628
0.640
0.635
0.635
0.628
0.636
0.631
0.645
0.658
0.650
0.637
0.640
0.632
0.636
0.644
0.637
0.627
0.631
0.646
0.637
0.635
0.642
0.655
0.634
0.637
0.645
0.652
0.631
0.649
0.675
0.631
0.626
0.653
0.640
0.633
0.624
0.617
0.638
0.629
0.652
0.631
0.633
0.708
0.649
0.625
0.637
0.639
0.638
0.641
0.635
0.631
0.645
0.642
0.643
0.637
0.666
0.631
0.635
0.642
0.629
0.633
0.633
0.631
0.633
0.642
0.635
0.638
0.622
0.615
0.654
0.700
0.650
0.643
0.642
0.633
0.640
0.650
0.653
0.642
0.630
0.630
0.647
0.635
0.670
0.634
0.624
0.629
0.629
0.635
0.637
0.637
0.628
0.633
0.628
0.630
0.621
0.636
0.646
0.652
0.639
0.645
0.629
0.636
0.638
0.651
0.664
0.668
0.667
0.667
0.639
0.645
0.652
0.642
0.636
0.694
0.665
0.661
0.641
0.667
0.636
0.639
0.631
0.635
0.648
0.637
0.652
0.634
0.680
0.670
0.632
0.638
0.632
0.639
0.645
0.671
0.658
0.642
0.636
0.640
0.722
0.677
0.635
0.639
0.655
0.649
0.639
0.628
0.627
0.712
0.695
0.642
0.766
0.822
0.882
0.803
0.816
0.940
0.742
0.723
0.747
0.792
0.797
0.795
0.857
0.807
0.850
0.742
0.812
0.740
0.755
0.709
0.676
0.651
0.654
0.662
0.639
0.635
0.666
0.642
0.648
0.648
0.642
0.663
0.681
0.640
0.643
0.763
0.692
0.676
0.698
0.687
0.674
0.694
0.701
0.743
0.679
0.664
0.684
0.674
0.663
0.706
0.682
0.671
0.687
0.682
0.693
0.720
0.704
0.708
0.713
0.668
0.658
0.694
0.685
0.689
0.693
0.683
0.671
0.737
0.700
0.703
0.729
0.715
0.721
0.703
0.730
0.702
0.687
0.694
0.750
0.691
0.684
0.692
0.671
0.691
0.685
0.699
0.711
0.702
0.704
0.740
0.685
0.727
0.702
0.690
0.688
0.722
0.714
0.735
0.695
0.690
0.739
0.710
0.706
0.691
0.687
0.707
0.741
0.706
0.847
0.699
0.687
0.692
0.688
0.742
0.677
0.671
0.678
0.734
0.698
0.739
0.723
0.710
0.716
0.701
0.740
0.684
0.696
0.690
0.715
0.710
0.708
0.725
0.709
0.686
0.691
0.689
0.743
0.676
0.686
0.684
0.685
0.702
0.691
0.683
0.679
0.707
0.693
0.687
0.677
0.694
0.688
0.722
0.702
0.677
0.760
0.672
0.679
0.675
0.694
0.682
0.685
0.693
0.719
0.715
0.712
0.679
0.678
0.665
0.702
0.679
0.689
0.663
0.693
0.710
0.741
0.717
0.689
0.724
0.694
0.678
0.644
0.684
0.720
0.663
0.651
0.656
0.658
0.660
0.659
0.671
0.687
0.707
0.671
0.654
0.646
0.681
0.665
0.702
0.660
0.651
0.651
0.661
0.665
0.646
0.652
0.705
0.694
0.737
0.711
0.725
0.698
0.700
0.715
0.706
0.704
0.731
0.716
0.710
0.719
0.719
0.740
0.711
0.730
0.712
0.729
0.709
0.737
0.713
0.740
0.720
0.725
0.742
0.736
0.718
0.714
0.716
0.776
0.722
0.668
0.686
0.674
0.660
0.732
0.703
0.708
0.696
0.694
0.681
0.702
0.697
0.690
0.708
0.673
0.671
0.709
0.668
0.666
0.679
0.674
0.665
0.701
0.694
0.682
0.702
0.698
0.681
0.713
0.688
0.680
0.684
0.672
0.689
0.697
0.697
0.713
0.697
0.705
0.698
0.692
0.686
0.703
0.686
0.708
0.753
0.725
0.702
0.729
0.720
0.736
0.708
0.718
0.676
0.764
0.703
0.720
0.715
0.698
0.714
0.771
0.736
0.693
0.707
0.728
0.767
0.724
0.734
0.735
0.817
0.731
0.695
0.772
0.746
0.710
0.678
0.694
0.734
0.746
0.710
0.699
0.721
0.707
0.695
0.695
0.685
0.703
0.687
0.680
0.694
0.687
0.676
0.686
0.685
0.694
0.691
0.652
0.673
0.759
0.729
0.725
0.728
0.720
0.706
0.740
0.730
0.739
0.724
0.730
0.735
0.712
0.720
0.733
0.727
0.718
0.732
0.736
0.752
0.722
0.730
0.725
0.767
0.752
0.746
0.746
0.736
0.737
0.733
0.728
0.718
0.744
0.727
0.722
0.746
0.722
0.719
0.715
0.728
0.705
0.737
0.716
0.722
0.718
0.721
0.793
0.738
0.810
0.736
0.750
0.746
0.730
0.727
0.722
0.766
0.740
0.741
0.728
0.734
0.729
0.745
0.721
0.751
0.747
0.747
0.718
0.741
0.724
0.759
0.739
0.715
0.719
0.750
0.748
0.723
0.710
0.753
0.751
0.725
0.744
0.739
0.726
0.745
0.687
0.692
0.680
0.673
0.697
0.687
0.672
0.678
0.670
0.693
0.718
0.708
0.730
0.667
0.728
0.685
0.705
0.705
0.766
0.706
0.699
0.700
0.681
0.693
0.681
0.683
0.683
0.666
0.697
0.696
0.663
0.667
0.685
0.681
0.704
0.670
0.679
0.689
0.684
0.682
0.690
0.681
0.680
0.680
0.690
0.696
0.692
0.675
0.674
0.679
0.670
0.682
0.708
0.677
0.680
0.678
0.685
0.674
0.721
0.753
0.681
0.692
0.697
0.696
0.683
0.679
0.693
0.722
0.680
0.688
0.685
0.682
0.668
0.673
0.712
0.703
0.685
0.682
0.683
0.697
0.679
0.681
0.677
0.673
0.700
0.679
0.684
0.693
0.679
0.681
0.684
0.691
0.714
0.742
0.811
0.704
0.722
0.690
0.707
0.689
0.711
0.679
0.681
0.691
0.736
0.705
0.707
0.701
0.702
0.698
0.715
0.713
0.700
0.693
0.709
0.743
0.698
0.725
0.738
0.692
0.705
0.714
0.708
0.689
0.704
0.684
0.698
0.707
0.701
0.714
0.707
0.708
0.712
0.692
0.705
0.704
0.700
0.721
0.727
0.737
0.722
0.713
0.696
0.733
0.700
0.699
0.707
0.699
0.716
0.720
0.703
0.737
0.707
0.700
0.699
0.731
0.721
0.685
0.687
0.711
0.688
0.711
0.682
0.710
0.689
0.677
0.700
0.686
0.696
0.695
0.694
0.687
0.703
0.697
0.722
0.681
0.686
0.715
0.682
0.712
0.691
0.687
0.681
0.672
0.711
0.790
0.754
0.764
0.730
0.727
0.728
0.717
0.718
0.717
0.719
0.714
0.766
0.758
0.734
0.733
0.759
0.729
0.746
0.736
0.749
0.744
0.735
0.732
0.747
0.717
0.726
0.777
0.878
0.808
0.757
0.776
0.784
0.766
0.746
0.754
0.745
0.765
0.743
0.751
0.754
0.729
0.723
0.711
0.736
0.728
0.709
0.713
0.719
0.729
0.747
0.726
0.718
0.747
0.728
0.724
0.717
0.727
0.725
0.726
0.725
0.722
0.740
0.723
0.732
0.723
0.722
0.775
0.758
0.764
0.742
0.713
0.733
0.703
0.697
0.718
0.709
0.698
0.708
0.712
0.711
0.726
0.698
0.712
0.730
0.710
0.698
0.713
0.701
0.697
0.726
0.728
0.722
0.703
0.688
0.687
0.699
0.696
0.703
0.687
0.697
0.683
0.758
0.743
0.709
0.697
0.685
0.721
0.744
0.721
0.702
0.727
0.694
0.749
0.702
0.725
0.729
0.710
0.732
0.743
0.780
0.728
0.689
0.723
0.763
0.756
0.752
0.738
0.732
0.749
0.875
0.861
0.703
0.706
0.712
0.712
0.717
0.715
0.705
0.709
0.717
0.763
0.727
0.739
0.720
0.708
0.738
0.823
0.793
0.745
0.717
0.716
0.701
0.765
0.709
0.716
0.713
0.719
0.717
0.724
0.747
0.751
0.746
0.728
0.747
0.751
0.768
0.746
0.713
0.715
0.758
0.780
0.759
0.739
0.773
0.741
0.767
0.743
0.754
0.736
0.764
0.738
0.735
0.753
0.746
0.739
0.745
0.756
0.737
0.720
0.724
0.720
0.723
0.747
0.757
0.738
0.744
0.729
0.736
0.741
0.737
0.748
0.743
0.724
0.728
0.752
0.747
0.763
0.731
0.730
0.717
0.730
0.775
0.737
0.733
0.734
0.728
0.727
0.737
0.731
0.706
0.721
0.723
0.726
0.760
0.733
0.764
0.793
0.795
0.722
0.724
0.736
0.738
0.736
0.774
0.746
0.758
0.738
0.759
0.772
0.741
0.745
0.764
0.727
0.726
0.721
0.708
0.716
0.773
0.738
0.728
0.795
0.782
0.785
0.795
0.769
0.739
0.758
0.761
0.738
0.761
0.791
0.770
0.755
0.703
0.726
0.716
0.712
0.707
0.716
0.713
0.714
0.718
0.716
0.718
0.735
0.729
0.766
0.740
0.737
0.757
0.762
0.738
0.717
0.743
0.735
0.734
0.751
0.736
0.753
0.715
0.721
0.710
0.727
0.714
0.755
0.752
0.742
0.730
0.733
0.727
0.731
0.741
0.730
0.730
0.736
0.723
0.719
0.712
0.713
0.758
0.726
0.729
0.723
0.705
0.744
0.717
0.761
0.742
0.739
0.741
0.754
0.739
0.723
0.769
0.741
0.750
0.722
0.732
0.747
0.717
0.710
0.705
0.725
0.722
0.747
0.731
0.830
0.812
0.798
0.790
0.785
0.821
0.791
0.804
0.803
0.798
0.814
0.811
0.741
0.776
0.796
0.828
0.834
0.739
0.720
0.730
0.749
0.712
0.720
0.728
0.723
0.745
0.726
0.710
0.741
0.732
0.705
0.693
0.702
0.711
0.744
0.752
0.741
0.749
0.745
0.711
0.733
0.728
0.722
0.714
0.716
0.713
0.708
0.716
0.711
0.716
0.754
0.733
0.714
0.724
0.712
0.732
0.721
0.724
0.703
0.725
0.736
0.726
0.735
0.722
0.724
0.725
0.731
0.841
0.729
0.754
0.728
0.736
0.726
0.738
0.736
0.760
0.725
0.742
0.735
0.741
0.761
0.867
0.783
0.734
0.735
0.728
0.737
0.736
0.765
0.770
0.749
0.824
0.755
0.737
0.742
0.732
0.740
0.741
0.745
0.773
0.736
0.744
0.729
0.753
0.791
0.737
0.735
0.738
0.728
0.732
0.744
0.751
0.750
0.733
0.730
0.749
0.746
0.737
0.740
0.734
0.753
0.746
0.721
0.748
0.752
0.737
0.721
0.718
0.714
0.717
0.729
0.738
0.784
0.776
0.802
0.774
0.760
0.777
0.764
0.791
0.748
0.785
0.767
0.737
0.757
0.740
0.767
0.731
0.748
0.737
0.764
0.738
0.739
0.748
0.745
0.773
0.758
0.758
0.753
0.751
0.764
0.754
0.748
0.750
0.744
0.736
0.737
0.742
0.759
0.756
0.741
0.770
0.771
0.769
0.734
0.769
0.785
0.752
0.742
0.740
0.771
0.748
0.752
0.735
0.766
0.734
0.752
0.757
0.749
0.744
0.753
0.754
0.771
0.733
0.797
0.773
0.772
0.777
0.765
0.761
0.765
0.759
0.763
0.789
0.763
0.772
0.782
0.799
0.811
0.891
0.813
0.782
0.783
0.801
0.765
0.763
0.751
0.778
0.784
0.773
0.733
0.751
0.751
0.773
0.763
0.770
0.787
0.771
0.747
0.774
0.785
0.789
0.769
0.800
0.787
0.773
0.773
0.763
0.770
0.798
0.749
0.779
0.771
0.761
0.781
0.773
0.768
0.757
0.791
0.773
0.766
0.765
0.779
0.765
0.779
0.742
0.777
0.770
0.762
0.758
0.754
0.761
0.779
0.784
0.753
0.772
0.763
0.749
0.738
0.759
0.799
0.760
0.774
0.801
0.768
0.782
0.772
0.748
0.739
0.776
0.788
0.746
0.729
0.732
0.734
0.730
0.936
0.768
0.732
0.725
0.738
0.733
0.725
0.718
0.719
0.725
0.730
0.718
0.721
0.726
0.723
0.733
0.735
0.729
0.726
0.733
0.731
0.805
0.758
0.730
0.722
0.819
0.754
0.740
0.737
0.735
0.736
0.742
0.741
0.747
0.742
0.737
0.736
0.727
0.741
0.739
0.735
0.739
0.752
0.788
0.749
0.764
0.736
0.730
0.727
0.745
0.742
0.756
0.756
0.747
0.762
0.755
0.747
0.738
0.749
0.749
0.738
0.743
0.747
0.736
0.763
0.740
0.790
0.749
0.724
0.746
0.737
0.744
0.728
0.726
0.736
0.733
0.730
0.740
0.738
0.748
0.731
0.732
0.739
0.736
0.728
0.732
0.735
0.735
0.738
0.735
0.743
0.734
0.741
0.731
0.738
0.739
0.729
0.739
0.732
0.732
0.754
0.726
0.733
0.768
0.737
0.741
0.738
0.728
0.742
0.731
0.726
0.730
0.735
0.735
0.741
0.733
0.735
0.766
0.739
0.739
0.723
0.812
0.736
0.740
0.729
0.744
0.731
0.746
0.743
0.738
0.756
0.736
0.750
0.736
0.761
0.755
0.726
0.724
0.727
0.764
0.767
0.844
0.770
0.744
0.731
0.739
0.747
0.743
0.733
0.743
0.744
0.728
0.738
0.739
0.734
0.724
0.744
0.738
0.730
0.750
0.739
0.739
0.759
0.739
0.737
0.789
0.761
0.780
0.752
0.743
0.734
0.735
0.731
0.737
0.730
0.734
0.740
0.746
0.730
0.739
0.739
0.739
0.755
0.740
0.748
0.729
0.748
0.744
0.742
0.735
0.740
0.746
0.735
0.740
0.734
0.752
0.756
0.736
0.730
0.734
0.741
0.736
0.738
0.740
0.740
0.744
0.751
0.734
0.739
0.741
0.741
0.744
0.733
0.736
0.756
0.732
0.740
0.759
0.739
0.746
0.752
0.738
0.751
0.738
0.744
0.743
0.746
0.739
0.750
0.756
0.745
0.756
0.740
0.748
0.757
0.741
0.761
0.753
0.757
0.741
0.736
0.745
0.754
0.737
0.766
0.744
0.809
0.732
0.755
0.762
0.751
0.755
0.750
0.747
0.746
0.743
0.752
0.756
0.742
0.745
0.754
0.745
0.746
0.745
0.756
0.755
0.752
0.735
0.760
0.754
0.746
0.752
0.784
0.758
0.787
0.784
0.761
0.738
0.743
0.748
0.747
0.750
0.745
0.742
0.762
0.747
0.743
0.745
0.743
0.749
0.745
0.751
0.756
0.739
0.745
0.742
0.735
0.755
0.746
0.746
0.743
0.758
0.739
0.756
0.737
0.741
0.746
0.746
0.750
0.745
0.746
0.760
0.751
0.756
0.761
0.791
0.763
0.764
0.780
0.761
0.736
0.754
0.744
0.743
0.756
0.759
0.750
0.744
0.751
0.755
0.753
0.752
0.757
0.758
0.749
0.761
0.754
0.747
0.750
0.749
0.767
0.775
0.752
0.765
0.746
0.751
0.749
0.745
0.756
0.759
0.763
0.754
0.745
0.753
0.748
0.742
0.758
0.750
0.743
0.756
0.752
0.762
0.755
0.755
0.744
0.753
0.750
0.754
0.744
0.749
0.752
0.783
0.771
0.805
0.794
0.765
0.778
0.769
0.775
0.759
0.768
0.767
0.773
0.778
0.773
0.849
0.803
0.774
0.758
0.791
0.796
0.766
0.764
0.799
0.824
0.788
0.754
0.749
0.773
0.758
0.761
0.770
0.755
0.770
0.754
0.762
0.752
0.758
0.753
0.775
0.748
0.759
0.755
0.760
0.771
0.754
0.763
0.754
0.770
0.772
0.748
0.761
0.768
0.759
0.754
0.762
0.758
0.765
0.755
0.756
0.869
0.764
0.768
0.755
0.746
0.775
0.753
0.775
0.764
0.755
0.790
0.811
0.776
0.755
0.766
0.758
0.765
0.755
0.862
0.869
0.872
0.835
0.845
0.842
0.837
0.878
0.852
0.847
0.914
0.915
0.900
0.818
0.773
0.759
0.794
0.761
0.765
0.765
0.769
0.764
0.776
0.761
0.767
0.767
0.777
0.810
0.758
0.749
0.752
0.747
0.807
0.792
0.753
0.767
0.770
0.779
0.773
0.779
0.787
0.772
0.813
0.790
0.819
0.798
0.825
0.814
0.795
0.802
0.799
0.805
0.841
0.789
0.799
0.800
0.813
0.820
0.786
0.793
0.792
0.794
0.805
0.779
0.833
0.789
0.796
0.792
0.780
0.786
0.820
0.788
0.812
0.792
0.805
0.813
0.787
0.842
0.802
0.796
0.794
0.812
0.801
0.782
0.800
0.807
0.790
0.794
0.810
0.780
0.791
0.805
0.822
0.787
0.820
0.811
0.804
0.860
0.793
0.785
0.791
0.809
0.822
0.803
0.802
0.804
0.786
0.826
0.789
0.799
0.792
0.794
0.865
0.786
0.795
0.799
0.788
0.830
0.802
0.823
0.791
0.787
0.806
0.819
0.806
0.800
0.797
0.819
0.806
0.784
0.794
0.797
0.804
0.821
0.780
0.820
0.817
0.829
0.782
0.790
0.830
0.800
0.803
0.814
0.795
0.817
0.790
0.820
0.811
0.796
0.801
0.803
0.826
0.806
0.810
0.821
0.822
0.837
0.796
0.809
0.783
0.760
0.769
0.786
0.790
0.821
0.782
0.779
0.757
0.781
0.805
0.860
0.921
0.835
0.794
0.771
0.766
0.769
0.774
0.774
0.763
0.781
0.781
0.780
0.784
0.800
0.780
0.770
0.783
0.775
0.893
0.840
0.809
0.871
0.828
0.822
0.799
0.820
0.795
0.793
0.793
0.807
0.838
0.808
0.805
0.798
0.824
0.828
0.811
0.824
0.800
0.810
0.825
0.814
0.830
0.806
0.825
0.806
0.793
0.823
0.832
0.811
0.842
0.808
0.789
0.833
0.793
0.830
0.840
0.815
0.831
0.879
0.864
0.834
0.834
0.828
0.854
0.819
0.850
0.807
0.808
0.830
0.807
0.801
0.793
0.811
0.816
0.818
0.872
0.803
0.817
0.848
0.793
0.804
0.775
0.791
0.799
0.806
0.801
0.876
1.065
