0.000
0.002
0.003
0.005
0.007
0.010
0.015
0.019
0.025
0.031
0.036
0.043
0.051
0.059
0.069
0.077
0.087
0.100
0.109
0.120
0.133
0.146
0.159
0.174
0.188
0.204
0.220
0.236
0.252
0.269
0.288
0.307
0.327
0.347
0.365
0.387
0.413
0.433
0.458
0.479
0.500
0.529
0.550
0.578
0.606
0.629
0.657
0.693
0.719
0.750
0.777
0.807
0.838
0.869
0.904
0.943
0.972
1.001
1.040
1.074
1.115
1.150
1.187
1.228
1.259
1.301
1.345
1.385
1.428
1.457
1.508
1.551
1.583
1.637
1.687
1.727
1.783
1.822
1.870
1.915
1.966
2.015
2.061
2.100
2.155
2.206
2.274
2.314
2.378
2.419
2.480
2.533
2.594
2.642
2.700
2.759
2.804
2.864
2.919
2.982
3.036
3.118
3.161
3.238
3.292
3.358
3.434
3.515
3.544
3.632
3.684
3.746
3.813
3.876
3.952
4.030
4.060
4.118
4.193
4.261
4.336
4.404
4.463
4.523
4.670
4.707
4.742
4.846
4.901
4.980
5.041
5.173
5.253
5.291
5.363
5.443
5.525
5.669
5.716
5.805
5.921
5.974
6.057
6.146
6.203
6.374
6.365
6.475
6.586
6.646
6.721
6.839
6.945
7.019
7.076
7.168
7.297
7.384
7.529
7.582
7.700
7.811
7.869
7.970
8.031
8.120
8.231
8.339
8.450
8.507
8.658
8.796
8.846
9.108
9.268
9.214
9.328
9.439
9.547
9.664
9.792
9.865
10.049
10.076
10.132
10.329
10.391
10.519
10.579
10.741
10.865
11.033
11.070
11.257
11.345
11.382
11.603
11.613
11.710
11.824
11.932
12.079
12.159
12.315
12.407
12.563
12.696
12.793
12.856
13.140
13.287
13.373
13.491
13.633
13.752
13.949
13.889
14.065
14.257
14.328
14.542
14.609
14.801
14.982
14.983
15.049
15.276
15.404
15.495
15.578
15.749
15.921
16.029
16.148
16.304
16.523
16.790
16.782
16.892
17.061
17.175
17.317
17.432
17.578
17.993
17.973
18.031
18.134
18.343
18.484
18.634
18.724
18.876
19.052
19.228
19.426
19.446
19.627
19.761
19.936
20.146
20.249
20.361
20.630
20.796
21.002
21.076
21.235
21.362
21.567
21.694
21.859
22.102
22.231
22.488
22.748
22.683
22.798
22.977
23.168
23.296
23.482
23.648
23.885
24.334
24.412
24.498
24.689
24.938
25.190
25.080
25.174
25.395
25.568
25.744
25.879
26.053
26.184
26.351
26.607
26.735
26.902
27.252
27.270
27.501
27.777
27.789
27.953
28.144
28.379
28.521
28.841
28.960
29.150
29.278
29.549
29.627
29.892
30.032
30.321
30.027
30.288
30.393
30.609
30.779
30.983
31.273
31.381
31.557
31.882
32.118
32.188
32.477
32.616
32.827
33.246
33.139
33.431
33.607
33.981
34.282
34.304
34.680
34.756
34.997
35.452
35.424
35.367
35.630
35.788
36.020
36.492
37.139
37.316
37.509
37.160
37.336
37.514
37.729
38.004
38.233
38.521
39.438
39.747
39.862
40.187
