0.000
0.001
0.000
0.000
0.001
0.001
0.000
0.001
0.001
0.001
0.001
0.001
0.001
0.002
0.002
0.002
0.002
0.002
0.002
0.002
0.003
0.003
0.003
0.003
0.004
0.003
0.003
0.003
0.004
0.004
0.004
0.004
0.005
0.005
0.004
0.004
0.005
0.005
0.006
0.006
0.009
0.007
0.006
0.005
0.006
0.006
0.007
0.007
0.007
0.007
0.007
0.007
0.007
0.008
0.007
0.008
0.008
0.008
0.008
0.008
0.010
0.008
0.009
0.011
0.009
0.011
0.011
0.010
0.010
0.010
0.011
0.010
0.010
0.011
0.011
0.011
0.011
0.013
0.012
0.013
0.012
0.017
0.013
0.014
0.014
0.014
0.013
0.013
0.014
0.014
0.013
0.014
0.014
0.014
0.014
0.015
0.015
0.016
0.017
0.016
0.016
0.016
0.016
0.017
0.017
0.018
0.017
0.018
0.017
0.018
0.018
0.019
0.018
0.027
0.024
0.019
0.019
0.019
0.019
0.020
0.021
0.020
0.023
0.020
0.020
0.021
0.025
0.024
0.021
0.022
0.022
0.024
0.024
0.023
0.024
0.023
0.024
0.025
0.023
0.023
0.022
0.022
0.023
0.025
0.024
0.024
0.025
0.026
0.026
0.024
0.024
0.025
0.025
0.026
0.025
0.026
0.026
0.026
0.025
0.028
0.027
0.028
0.029
0.038
0.030
0.032
0.029
0.032
0.028
0.031
0.029
0.029
0.032
0.030
0.029
0.032
0.030
0.030
0.031
0.036
0.041
0.032
0.031
0.033
0.030
0.033
0.035
0.035
0.034
0.035
0.034
0.037
0.035
0.035
0.034
0.037
0.046
0.038
0.036
0.039
0.036
0.037
0.035
0.036
0.040
0.038
0.036
0.037
0.040
0.039
0.038
0.038
0.075
0.039
0.038
0.037
0.039
0.036
0.036
0.041
0.039
0.039
0.038
0.044
0.040
0.040
0.039
0.043
0.040
0.049
0.042
0.043
0.043
0.043
0.041
0.041
0.042
0.045
0.044
0.044
0.044
0.042
0.042
0.042
0.044
0.054
0.043
0.044
0.043
0.047
0.045
0.047
0.045
0.066
0.047
0.059
0.045
0.045
0.044
0.047
0.049
0.049
0.058
0.054
0.051
0.050
0.048
0.048
0.050
0.049
0.049
0.053
0.049
0.050
0.053
0.054
0.052
0.054
0.055
0.054
0.051
0.050
0.054
0.050
0.053
0.052
0.054
0.059
0.053
0.055
0.056
0.054
0.055
0.055
0.093
0.059
0.059
0.059
0.057
0.056
0.060
0.054
0.057
0.061
0.056
0.055
0.053
0.061
0.058
0.064
0.058
0.065
0.059
0.060
0.061
0.059
0.061
0.063
0.060
0.069
0.061
0.058
0.063
0.068
0.061
0.063
0.063
0.085
0.076
0.070
0.064
0.064
0.066
0.063
0.066
0.072
0.066
0.064
0.065
0.071
0.068
0.062
0.069
0.067
0.069
0.066
0.064
0.066
0.066
0.071
0.068
0.071
0.070
0.067
0.066
0.069
0.073
0.072
0.068
0.073
0.079
0.075
0.071
0.072
0.070
0.071
0.072
0.073
0.072
0.070
0.070
0.071
0.072
0.072
0.073
0.075
0.090
0.077
0.075
0.074
0.078
0.072
0.080
0.086
0.073
0.074
0.075
0.074
0.078
0.078
0.077
0.077
0.083
0.102
0.088
0.087
0.085
0.081
0.081
0.083
0.083
0.083
0.081
0.080
0.086
0.082
0.082
0.089
0.082
0.094
0.079
0.081
0.082
0.088
0.081
0.086
0.086
0.086
0.084
0.085
0.085
0.085
0.087
0.096
0.090
0.200
0.102
0.093
0.092
0.085
0.085
0.086
0.086
0.084
0.089
0.086
0.087
0.083
0.087
0.088
0.085
0.089
0.089
0.090
0.087
0.091
0.091
0.099
0.095
0.092
0.092
0.090
0.090
0.089
0.092
0.094
0.094
0.096
0.141
0.109
0.098
0.098
0.093
0.098
0.099
0.096
0.112
0.093
0.104
0.091
0.096
0.097
0.094
0.095
0.095
0.102
0.096
0.095
0.099
0.099
0.095
0.095
0.095
0.101
0.095
0.100
0.099
0.105
0.100
0.103
0.106
0.115
0.106
0.102
0.104
0.103
0.100
0.098
0.101
0.104
0.101
0.103
0.097
0.104
0.102
0.107
0.106
0.129
0.102
0.104
0.107
0.154
0.103
0.103
0.101
0.104
0.112
0.105
0.104
0.108
0.100
0.106
0.106
0.111
0.146
0.130
0.118
0.123
0.113
0.118
0.113
0.115
0.115
0.111
0.112
0.114
0.110
0.111
0.125
0.112
0.125
0.118
0.114
0.118
0.124
0.116
0.116
0.119
0.117
0.120
0.120
0.117
0.130
0.122
0.123
0.123
0.115
0.132
0.122
0.120
0.135
0.120
0.113
0.123
0.119
0.115
0.116
0.119
0.121
0.117
0.117
0.123
0.115
0.147
0.120
0.130
0.117
0.121
0.127
0.123
0.124
0.120
0.124
0.128
0.123
0.127
0.121
0.121
0.124
0.187
0.142
0.140
0.145
0.130
0.126
0.133
0.135
0.133
0.129
0.125
0.128
0.122
0.124
0.128
0.123
0.133
0.131
0.137
0.121
0.122
0.124
0.130
0.126
0.128
0.129
0.129
0.134
0.131
0.130
0.131
0.126
0.137
0.169
0.141
0.139
0.138
0.130
0.135
0.141
0.129
0.138
0.139
0.134
0.132
0.134
0.135
0.138
0.137
0.200
0.153
0.131
0.138
0.133
0.137
0.140
0.133
0.138
0.143
0.143
0.141
0.138
0.140
0.137
0.137
0.146
0.196
0.169
0.152
0.152
0.148
0.154
0.148
0.149
0.143
0.142
0.144
0.147
0.147
0.149
0.141
0.140
0.163
0.142
0.155
0.139
0.155
0.142
0.147
0.153
0.160
0.152
0.155
0.148
0.151
0.156
0.146
0.154
0.157
0.168
0.153
0.154
0.152
0.149
0.149
0.147
0.150
0.149
0.145
0.145
0.148
0.164
0.156
0.157
0.167
0.156
0.161
0.152
0.152
0.153
0.154
0.155
0.155
0.159
0.159
0.158
0.152
0.155
0.157
0.155
0.161
0.284
0.174
0.168
0.173
0.196
0.154
0.160
0.155
0.161
0.161
0.157
0.163
0.168
0.160
0.166
0.181
0.164
0.164
0.171
0.165
0.160
0.160
0.164
0.161
0.161
0.168
0.156
0.158
0.164
0.166
0.170
0.182
0.181
0.204
0.174
0.166
0.167
0.158
0.164
0.175
0.165
0.178
0.163
0.178
0.168
0.182
0.168
0.204
0.167
0.167
0.171
0.167
0.173
0.161
0.165
0.168
0.178
0.177
0.185
0.172
0.166
0.170
0.178
0.176
0.180
0.172
0.265
0.236
0.219
0.218
0.191
0.200
0.190
0.193
0.185
0.197
0.189
0.186
0.182
0.187
0.183
0.178
0.212
0.198
0.176
0.177
0.179
0.185
0.183
0.190
0.181
0.177
0.180
0.182
0.178
0.180
0.182
0.182
0.187
0.196
0.196
0.187
0.179
0.193
0.182
0.186
0.180
0.184
0.183
0.175
0.190
0.199
0.182
0.184
0.186
0.201
0.187
0.190
0.185
0.191
0.178
0.184
0.183
0.192
0.189
0.196
0.197
0.207
0.191
0.197
0.198
0.391
0.233
0.202
0.199
0.201
0.193
0.205
0.189
0.193
0.191
0.187
0.191
0.197
0.192
0.193
0.188
0.192
0.206
0.192
0.195
0.193
0.193
0.199
0.187
0.185
0.187
0.195
0.190
0.203
0.198
0.195
0.191
0.216
0.234
0.209
0.206
0.200
0.208
0.195
0.208
0.199
0.216
0.192
0.226
0.226
0.198
0.197
0.199
0.211
0.207
0.202
0.204
0.201
0.196
0.199
0.202
0.205
0.203
0.214
0.203
0.222
0.219
0.200
0.210
0.216
0.219
0.329
0.273
0.239
0.236
0.214
0.222
0.217
0.220
0.211
0.211
0.226
0.216
0.215
0.211
0.214
0.213
0.259
0.205
0.220
0.213
0.234
0.202
0.220
0.216
0.229
0.220
0.221
0.214
0.217
0.225
0.220
0.213
0.223
0.250
0.229
0.224
0.214
0.215
0.214
0.219
0.208
0.211
0.238
0.219
0.213
0.217
0.227
0.216
0.215
0.225
0.214
0.221
0.227
0.215
0.225
0.240
0.227
0.236
0.234
0.230
0.228
0.240
0.237
0.261
0.225
0.228
0.274
0.256
0.249
0.238
0.234
0.232
0.229
0.224
0.235
0.230
0.247
0.222
0.231
0.226
0.225
0.235
0.229
0.234
0.237
0.214
0.230
0.234
0.235
0.225
0.250
0.237
0.228
0.222
0.244
0.232
0.239
0.239
0.303
0.248
0.247
0.242
0.239
0.235
0.240
0.230
0.374
0.236
0.243
0.227
0.241
0.241
0.247
0.227
0.238
0.234
0.242
0.224
0.241
0.241
0.233
0.230
0.240
0.242
0.253
0.244
0.244
0.254
0.254
0.247
0.246
0.437
0.323
0.285
0.282
0.263
0.267
0.270
0.271
0.256
0.247
0.279
0.257
0.251
0.247
0.256
0.270
0.315
0.253
0.247
0.250
0.241
0.248
0.252
0.249
0.253
0.261
0.253
0.252
0.270
0.256
0.268
0.264
0.254
0.282
0.269
0.263
0.267
0.255
0.254
0.267
0.271
0.244
0.234
0.258
0.250
0.249
0.255
0.262
0.251
0.275
0.253
0.255
0.256
0.257
0.258
0.273
0.247
0.287
0.262
0.284
0.287
0.248
0.262
0.261
0.265
0.259
0.305
0.301
0.268
0.282
0.266
0.285
0.263
0.265
0.261
0.274
0.259
0.261
0.271
0.279
0.259
0.260
0.268
0.260
0.276
0.268
0.264
0.273
0.279
0.276
0.259
0.280
0.291
0.278
0.273
0.278
0.264
0.277
0.372
0.286
0.285
0.270
0.297
0.292
0.262
0.263
0.262
0.258
0.269
0.268
0.270
0.269
0.264
0.287
0.273
0.280
0.270
0.268
0.282
0.280
0.270
0.281
0.270
0.292
0.295
0.301
0.277
0.293
0.290
0.273
0.277
0.467
0.341
0.311
0.319
0.312
0.300
0.305
0.294
0.294
0.286
0.278
0.291
0.302
0.288
0.302
0.276
0.299
0.278
0.282
0.274
0.282
0.284
0.301
0.278
0.303
0.298
0.269
0.291
0.281
0.287
0.302
0.299
0.304
0.315
0.300
0.290
0.310
0.300
0.287
0.307
0.287
0.278
0.277
0.291
0.302
0.295
0.296
0.294
0.296
0.325
0.293
0.302
0.307
0.307
0.291
0.314
0.314
0.392
0.288
0.287
0.296
0.314
0.297
0.304
0.296
0.309
0.354
0.335
0.322
0.307
0.288
0.295
0.293
0.293
0.297
0.288
0.296
0.295
0.306
0.286
0.304
0.303
0.305
0.299
0.299
0.288
0.312
0.304
0.306
0.298
0.307
0.304
0.307
0.312
0.332
0.309
0.314
0.316
0.456
0.328
0.360
0.323
0.305
0.319
0.301
0.309
0.299
0.336
0.304
0.304
0.296
0.301
0.291
0.319
0.312
0.301
0.299
0.316
0.303
0.329
0.316
0.331
0.312
0.296
0.308
0.309
0.326
0.339
0.303
0.334
0.314
0.554
0.459
0.377
0.370
0.344
0.344
0.349
0.345
0.343
0.335
0.328
0.346
0.316
0.362
0.330
0.327
0.324
0.338
0.317
0.333
0.314
0.331
0.328
0.317
0.317
0.340
0.333
0.321
0.333
0.323
0.324
0.331
0.339
0.378
0.346
0.327
0.322
0.309
0.330
0.308
0.313
0.343
0.330
0.317
0.310
0.354
0.348
0.322
0.327
0.381
0.314
0.323
0.330
0.351
0.336
0.319
0.312
0.370
0.331
0.345
0.340
0.339
0.352
0.348
0.322
0.354
0.423
0.377
0.365
0.385
0.330
0.350
0.326
0.358
0.311
0.325
0.327
0.326
0.325
0.337
0.342
0.339
0.350
0.337
0.340
0.343
0.347
0.327
0.332
0.350
0.335
0.354
0.335
0.364
0.348
0.344
0.372
0.386
0.358
0.347
0.345
0.332
0.345
0.346
0.326
0.362
0.345
0.376
0.345
0.343
0.332
0.343
0.358
0.364
0.335
0.339
0.335
0.350
0.353
0.354
0.332
0.361
0.344
0.352
0.361
0.342
0.373
0.363
0.354
0.381
0.341
0.609
0.426
0.418
0.401
0.363
0.363
0.359
0.377
0.455
0.350
0.351
0.354
0.350
0.376
0.361
0.369
0.361
0.370
0.347
0.341
0.362
0.349
0.361
0.373
0.361
0.355
0.374
0.354
0.347
0.378
0.393
0.359
0.364
0.425
0.384
0.337
0.358
0.368
0.357
0.364
0.362
0.373
0.366
0.374
0.361
0.379
0.370
0.375
0.359
0.456
0.401
0.387
0.380
0.378
0.376
0.363
0.369
0.381
0.370
0.355
0.368
0.368
0.399
0.365
0.361
0.372
0.464
0.429
0.422
0.406
0.383
0.385
0.400
0.357
0.377
0.378
0.374
0.378
0.371
0.379
0.378
0.351
0.404
0.379
0.363
0.360
0.376
0.377
0.388
0.354
0.399
0.376
0.380
0.381
0.502
0.382
0.368
0.371
0.367
0.420
0.394
0.394
0.390
0.363
0.384
0.368
0.379
0.374
0.386
0.377
0.379
0.383
0.388
0.382
0.407
0.427
0.370
0.380
0.385
0.416
0.373
0.380
0.386
0.395
0.417
0.393
0.401
0.402
0.403
0.394
0.389
1.012
0.586
0.507
0.499
0.457
0.455
0.447
0.458
0.439
0.405
0.413
0.431
0.432
0.419
0.417
0.416
0.415
0.399
0.406
0.434
0.385
0.402
0.384
0.426
0.392
0.424
0.396
0.414
0.412
0.398
0.431
0.412
0.390
0.475
0.399
0.433
0.401
0.397
0.405
0.389
0.411
0.403
0.389
0.415
0.386
0.405
0.394
0.437
0.420
0.393
0.424
0.410
0.402
0.401
0.404
0.397
0.435
0.423
0.391
0.430
0.393
0.429
0.415
0.405
0.417
0.416
0.533
0.466
0.439
0.429
0.412
0.417
0.383
0.396
0.420
0.412
0.418
0.422
0.414
0.436
0.421
0.395
0.420
0.423
0.398
0.408
0.406
0.411
0.435
0.425
0.514
0.456
0.407
0.428
0.417
0.414
0.419
0.406
0.409
0.444
0.410
0.447
0.393
0.438
0.405
0.431
0.443
0.442
0.405
0.422
0.424
0.414
0.422
0.415
0.425
0.468
0.429
0.434
0.427
0.446
0.445
0.427
0.438
0.445
0.445
0.416
0.421
0.439
0.431
0.434
0.438
1.023
0.509
0.484
0.455
0.456
0.446
0.465
0.441
0.448
0.433
0.452
0.422
0.450
0.453
0.429
0.433
0.441
0.431
0.434
0.409
0.436
0.446
0.426
0.421
0.469
0.462
0.454
0.459
0.431
0.425
0.410
0.419
0.437
0.486
0.434
0.451
0.433
0.425
0.427
0.436
0.464
0.458
0.438
0.429
0.439
0.511
0.433
0.465
0.431
0.420
0.470
0.431
0.475
0.444
0.424
0.457
0.459
0.431
0.448
0.450
0.461
0.468
0.464
0.475
0.457
0.467
0.524
0.484
0.471
0.464
0.451
0.508
0.462
0.434
0.432
0.462
0.470
0.444
0.464
0.444
0.439
0.443
0.485
0.451
0.436
0.434
0.480
0.432
0.542
0.443
0.426
0.442
0.474
0.473
0.443
0.451
0.447
0.434
0.482
0.471
0.466
0.449
0.438
0.452
0.466
0.462
0.464
0.440
0.451
0.468
0.452
0.456
0.440
0.447
0.469
0.497
0.464
0.453
0.463
0.461
0.472
0.453
0.468
0.489
0.459
0.462
0.478
0.473
0.494
0.472
0.507
0.476
0.683
0.626
0.561
0.560
0.532
0.502
0.526
0.512
0.497
0.486
0.489
0.470
0.515
0.478
0.470
0.485
0.497
0.471
0.477
0.492
0.507
0.471
0.470
0.457
0.489
0.490
0.480
0.455
0.472
0.499
0.500
0.474
0.587
0.473
0.470
0.489
0.496
0.491
0.490
0.490
0.544
0.482
0.462
0.476
0.454
0.467
0.505
0.465
0.494
0.479
0.519
0.471
0.484
0.492
0.509
0.479
0.477
0.502
0.497
0.508
0.476
0.516
0.489
0.498
0.491
0.638
0.576
0.504
0.499
0.495
0.500
0.506
0.508
0.508
0.494
0.504
0.513
0.506
0.487
0.501
0.482
0.579
0.472
0.526
0.526
0.487
0.505
0.471
0.504
0.468
0.482
0.500
0.488
0.469
0.472
0.497
0.492
0.496
0.511
0.513
0.525
0.515
0.474
0.530
0.542
0.501
0.490
0.492
0.499
0.486
0.477
0.481
0.484
0.478
0.533
0.512
0.529
0.516
0.494
0.511
0.535
0.510
0.513
0.491
0.531
0.523
0.555
0.488
0.484
0.537
0.497
0.676
0.622
0.601
0.584
0.550
0.572
0.574
0.527
0.508
0.514
0.513
0.494
0.517
0.511
0.496
0.518
0.503
0.539
0.488
0.484
0.526
0.533
0.508
0.488
0.528
0.570
0.510
0.525
0.496
0.517
0.548
0.542
0.606
0.552
0.532
0.540
0.561
0.514
0.560
0.507
0.501
0.522
0.512
0.521
0.499
0.534
0.502
0.503
0.507
0.557
0.552
0.494
0.513
0.548
0.501
0.515
0.511
0.513
0.498
0.522
0.505
0.517
0.510
0.543
0.523
0.687
0.565
0.544
0.581
0.556
0.523
0.550
0.535
0.530
0.526
0.512
0.521
0.516
0.546
0.519
0.526
0.956
0.516
0.522
0.505
0.508
0.557
0.540
0.525
0.526
0.519
0.527
0.547
0.518
0.531
0.568
0.528
0.547
0.568
0.510
0.559
0.557
0.541
0.520
0.544
0.538
0.516
0.525
0.517
0.510
0.554
0.551
0.546
0.532
0.584
0.538
0.591
0.546
0.556
0.540
0.568
0.553
0.597
0.563
0.578
0.527
0.541
0.555
0.554
0.574
0.533
0.946
0.765
0.700
0.691
0.670
0.627
0.660
0.647
0.589
0.589
0.584
0.590
0.615
0.592
0.619
0.569
0.605
0.553
0.580
0.565
0.532
0.579
0.571
0.593
0.578
0.577
0.548
0.562
0.569
0.574
0.587
0.561
0.733
0.609
0.584
0.571
0.545
0.562
0.545
0.560
0.558
0.518
0.540
0.555
0.564
0.570
0.591
0.553
0.568
0.595
0.560
0.566
0.574
0.567
0.588
0.556
0.580
0.570
0.587
0.527
0.569
0.614
0.581
0.562
0.558
0.701
0.595
0.601
0.637
0.591
0.576
0.576
0.558
0.595
0.577
0.565
0.575
0.640
0.645
0.570
0.570
0.561
0.561
0.550
0.559
0.557
0.566
0.556
0.566
0.544
0.563
0.580
0.543
0.564
0.575
0.549
0.602
0.574
0.633
0.611
0.597
0.567
0.599
0.536
0.589
0.555
0.553
0.560
0.616
0.603
0.642
0.566
0.579
0.618
0.607
0.666
0.598
0.599
0.574
0.609
0.630
0.581
0.589
0.606
0.557
0.593
0.645
0.591
0.598
0.587
0.578
0.826
0.726
0.655
0.680
0.609
0.645
0.616
0.605
0.625
0.608
0.595
0.608
0.580
0.579
0.619
0.613
0.620
0.600
0.606
0.608
0.562
0.580
0.554
0.587
0.633
0.589
0.565
0.599
0.621
0.610
0.603
0.596
1.118
0.642
0.612
0.582
0.563
0.579
0.581
0.576
0.640
0.603
0.627
0.612
0.588
0.547
0.582
0.573
0.594
0.596
0.571
0.591
0.597
0.650
0.583
0.613
0.605
0.621
0.625
0.653
0.583
0.597
0.592
0.590
0.657
0.820
0.654
0.602
0.685
0.593
0.603
0.621
0.592
0.694
0.606
0.712
0.590
0.607
0.604
0.589
0.606
0.582
0.601
0.602
0.597
0.631
0.616
0.606
0.603
0.626
0.624
0.643
0.588
0.594
0.612
0.650
0.645
0.623
0.650
0.655
0.673
0.636
0.628
0.623
0.605
0.612
0.630
0.642
0.612
0.592
0.605
0.651
0.610
0.610
0.679
0.656
0.658
0.640
0.616
0.606
0.594
0.656
0.659
0.644
0.613
0.663
0.635
0.666
0.636
0.630
0.643
1.011
0.891
0.798
0.782
0.712
0.723
0.680
0.687
0.703
0.647
0.672
0.661
0.664
0.659
0.655
0.639
0.692
0.682
0.656
0.611
0.636
0.655
0.669
0.614
0.667
0.629
0.657
0.645
0.677
0.659
0.639
0.608
0.626
0.662
0.653
0.625
0.608
0.632
0.636
0.651
0.666
0.613
0.643
0.640
0.614
0.626
0.630
0.600
0.643
0.676
0.700
0.624
0.663
0.641
0.681
0.647
0.648
0.689
0.628
0.624
0.652
0.663
0.648
0.648
0.650
0.970
0.730
0.660
0.672
0.690
0.680
0.655
0.708
0.653
0.640
0.648
0.675
0.643
0.649
0.637
0.622
0.645
0.664
0.698
0.638
0.635
0.624
0.605
0.669
0.643
0.664
0.670
0.637
0.661
0.654
0.629
0.651
0.644
0.750
0.698
0.656
0.653
0.671
0.651
0.688
0.664
0.700
0.704
0.677
0.695
0.662
0.661
0.703
0.661
0.894
0.646
0.727
0.633
0.666
0.692
0.698
0.632
0.687
0.666
0.655
0.732
0.655
0.679
0.673
0.706
0.714
0.879
0.877
0.739
0.757
0.729
0.780
0.686
0.706
0.633
0.680
0.677
0.700
0.663
0.653
0.688
0.708
0.680
0.677
0.644
0.665
0.643
0.662
0.662
0.680
0.734
0.693
0.718
0.640
0.667
0.658
0.642
0.661
0.653
0.697
0.669
0.665
0.677
0.679
0.694
0.661
0.679
0.654
0.719
0.673
0.666
0.680
0.666
0.684
0.663
0.674
0.642
0.669
0.701
0.688
0.666
0.676
0.675
0.692
0.704
0.705
0.671
0.736
0.713
0.712
0.678
1.036
0.742
0.712
0.708
0.862
0.679
0.687
0.760
0.682
0.693
0.701
0.678
0.689
0.718
0.703
0.628
0.678
0.666
0.687
0.703
0.693
0.684
0.673
0.701
0.677
0.729
0.695
0.661
0.676
0.674
0.702
0.678
0.696
0.764
0.758
0.735
0.742
0.680
0.720
0.698
0.692
0.717
0.665
0.694
0.725
0.741
0.748
0.696
0.699
0.701
0.709
0.690
0.705
0.675
0.732
0.712
0.698
0.711
0.706
0.753
0.698
0.705
0.767
0.676
0.759
0.730
1.214
1.070
0.959
0.909
0.833
0.848
0.814
0.820
0.744
0.769
0.765
0.760
0.754
0.795
0.737
0.766
0.772
0.717
0.720
0.712
0.777
0.728
0.740
0.783
0.711
0.718
0.737
0.735
0.713
0.710
0.759
0.765
0.724
0.767
0.756
0.693
0.716
0.750
0.710
0.744
0.677
0.686
0.702
0.732
0.717
0.726
0.714
0.750
0.725
0.732
0.746
0.745
0.736
0.759
0.757
0.728
0.737
0.722
0.722
0.729
0.746
0.761
0.751
0.757
0.723
1.475
0.858
0.765
0.797
0.715
0.734
0.771
0.786
0.715
0.744
0.746
0.735
0.699
0.742
0.746
0.717
0.745
0.811
0.736
0.736
0.702
0.775
0.756
0.742
0.721
0.704
0.742
0.744
0.738
0.720
0.751
0.727
0.726
0.845
0.733
0.733
0.724
0.746
0.753
0.724
0.743
0.816
0.770
0.776
0.755
0.717
0.733
0.730
0.724
0.734
0.729
0.769
0.747
0.783
0.811
0.773
0.801
0.781
0.727
0.748
0.726
0.755
0.748
0.748
0.782
0.806
1.041
0.957
0.845
0.889
0.809
0.865
0.815
0.806
0.742
0.783
0.756
0.770
0.727
0.752
0.764
0.803
0.816
0.786
0.791
0.731
0.861
0.735
0.709
0.756
0.785
0.739
0.729
0.739
0.732
0.731
0.725
0.747
0.750
0.771
0.733
0.772
0.771
0.793
0.758
0.727
0.758
0.775
0.711
0.740
0.729
0.765
0.730
0.795
0.727
0.820
0.737
0.746
0.760
0.796
0.778
0.754
0.735
0.783
0.771
0.782
0.776
0.825
0.798
0.872
0.731
0.759
0.864
0.812
0.759
0.775
0.754
0.790
0.762
0.766
0.785
0.734
0.772
0.756
0.742
0.807
0.752
0.731
0.747
0.756
0.852
0.774
0.795
0.756
0.740
0.759
0.767
0.754
0.763
0.824
0.815
0.807
0.764
0.785
0.911
0.847
0.857
0.785
0.823
0.756
0.828
0.804
0.745
0.800
0.765
0.767
0.768
0.791
0.768
0.808
0.765
0.896
0.817
0.768
0.791
0.828
0.761
0.774
0.822
0.790
0.808
0.825
0.794
0.861
0.866
0.817
0.796
1.465
1.180
0.956
0.981
0.897
0.900
0.924
0.908
0.832
0.863
0.848
0.823
0.848
0.788
0.839
0.833
1.006
0.823
0.766
0.779
0.827
0.788
0.798
0.750
0.798
0.840
0.843
0.801
0.821
0.790
0.818
0.772
0.822
0.880
0.794
0.761
0.806
0.814
0.812
0.765
0.788
0.804
0.849
0.798
0.843
0.820
0.846
0.830
0.797
0.878
0.812
0.784
0.769
0.854
0.861
0.796
0.812
0.848
0.852
0.847
0.891
0.822
0.819
0.773
0.813
0.876
0.972
0.892
0.880
0.855
0.828
0.776
0.847
0.819
0.831
0.804
0.852
0.777
0.781
0.781
0.800
0.806
0.820
0.760
0.819
0.836
0.816
0.790
0.838
0.800
0.872
0.814
0.875
0.798
0.832
0.816
0.847
0.836
1.002
0.876
0.835
0.827
0.896
0.773
0.846
0.885
0.793
0.864
0.853
0.852
0.801
0.793
0.813
0.869
0.868
0.947
0.857
0.880
0.842
0.830
0.877
0.776
0.850
0.885
0.888
0.828
0.850
0.831
0.882
0.884
0.806
1.277
1.007
0.936
0.900
0.861
0.888
0.899
0.853
0.847
0.870
0.862
0.855
0.867
0.869
0.924
0.846
0.848
0.852
0.810
0.839
0.827
0.855
0.821
0.794
0.847
0.909
0.867
0.834
0.809
0.824
0.832
0.809
0.861
0.902
0.836
0.872
0.814
0.899
0.782
0.831
0.792
0.895
0.827
0.831
0.821
0.828
0.838
0.862
0.806
0.886
0.841
0.855
0.829
0.895
0.877
0.886
0.836
1.217
0.811
0.809
0.829
0.905
0.858
0.883
0.809
0.889
0.975
0.876
0.895
0.861
0.823
0.867
0.850
0.870
0.867
0.837
0.868
0.830
0.876
0.803
0.857
0.897
0.890
0.844
0.873
0.848
0.828
0.843
0.879
0.901
0.882
0.844
0.871
0.826
0.837
0.899
0.844
0.873
1.221
0.880
0.881
0.882
0.804
0.864
0.877
0.883
0.879
0.885
0.815
0.874
0.919
0.875
0.853
0.883
0.822
0.916
0.919
0.832
0.887
0.870
0.848
0.932
0.892
0.898
0.848
0.899
0.887
0.882
0.876
0.981
0.859
2.058
1.427
1.202
1.173
1.075
1.116
1.042
1.041
1.034
0.924
0.947
0.957
0.959
0.942
1.022
0.963
0.930
0.914
0.920
0.943
0.883
0.909
0.955
0.902
0.889
0.913
0.880
0.928
0.917
0.923
0.907
0.919
0.922
0.973
0.892
0.865
0.889
0.930
0.890
0.853
0.891
0.899
0.872
0.891
0.937
0.860
0.882
0.892
0.893
0.947
0.949
0.892
0.892
0.990
0.955
0.881
0.930
0.856
0.888
0.932
0.862
0.958
0.929
0.920
0.983
0.871
1.066
0.989
0.951
0.909
0.927
0.883
0.912
0.894
0.961
0.922
0.890
0.907
0.912
0.916
0.869
0.906
0.925
0.902
0.865
0.975
0.983
0.893
0.911
0.849
0.937
0.933
0.957
0.872
0.913
0.867
0.949
0.943
0.915
0.958
0.889
0.878
0.899
0.847
0.890
0.864
0.905
0.897
0.924
0.867
0.937
0.922
0.890
0.868
0.895
0.964
0.904
0.927
0.954
0.916
0.901
1.005
0.919
0.943
0.880
0.945
0.927
0.883
0.951
0.926
0.941
1.568
1.173
1.090
1.093
0.962
1.023
0.988
0.958
1.131
0.896
0.917
0.921
0.942
0.909
0.934
0.932
0.885
0.872
0.923
0.970
0.883
0.905
0.891
0.972
0.946
0.963
0.919
0.889
0.912
0.916
0.948
0.946
0.895
1.003
0.915
0.966
0.885
0.908
0.917
0.893
0.901
0.897
0.931
0.912
0.907
0.890
0.895
0.950
0.919
1.110
0.965
1.085
0.889
0.906
0.985
0.917
0.907
0.894
0.931
0.969
0.935
0.951
0.898
0.958
0.898
0.930
1.022
1.122
0.926
0.991
0.942
0.948
1.098
0.911
0.931
0.964
0.944
0.913
0.948
0.947
0.903
0.959
1.021
0.961
0.883
0.971
0.945
0.990
0.916
0.960
0.961
0.955
0.933
0.955
0.950
0.928
0.934
0.926
0.926
0.987
0.956
0.937
0.974
1.008
1.042
0.947
0.914
0.959
0.968
0.958
0.962
1.023
0.882
0.947
0.957
1.008
0.970
1.003
0.965
0.934
1.001
0.978
0.924
0.980
0.968
0.934
0.950
0.955
1.004
0.976
0.938
2.005
1.321
1.158
1.324
1.088
1.152
1.114
1.094
1.094
1.028
1.038
1.010
1.024
1.019
0.992
1.034
1.014
0.966
0.951
0.980
0.978
0.934
0.932
0.959
0.994
0.972
0.986
0.994
0.952
0.984
0.975
0.977
1.007
1.052
0.984
0.919
0.950
0.996
0.960
0.963
1.034
0.966
1.071
0.942
0.996
0.982
0.981
0.963
1.042
1.006
0.956
1.058
0.973
1.014
0.982
0.921
0.978
0.936
0.922
0.944
0.965
0.945
1.038
0.982
1.011
1.010
1.171
1.124
1.115
1.062
1.020
1.178
0.943
0.955
0.976
0.979
0.951
0.983
1.017
0.938
0.989
0.964
1.025
0.962
0.957
1.014
1.009
0.989
1.026
1.026
1.113
1.017
1.011
1.035
0.940
0.983
0.993
0.968
0.943
1.028
1.053
1.018
1.004
0.982
1.011
0.966
1.039
0.995
1.022
0.969
0.990
1.030
1.038
0.979
0.964
1.023
1.011
1.029
1.009
0.971
1.022
1.000
0.985
1.002
1.030
0.950
0.946
0.993
0.977
1.011
0.998
2.158
1.267
1.134
1.188
1.103
1.130
1.049
1.061
1.049
1.105
1.086
1.078
1.069
1.093
1.013
0.988
0.962
0.999
0.993
1.011
0.990
0.975
0.966
1.029
1.002
1.048
0.969
1.003
1.072
1.010
0.986
1.027
1.011
1.081
1.041
0.997
1.001
0.977
0.964
0.966
1.004
1.022
1.012
1.002
1.001
1.265
0.998
1.005
0.981
1.011
1.021
0.985
1.039
0.998
0.958
0.974
0.939
1.012
1.011
1.008
0.979
1.029
1.004
1.036
1.069
1.032
1.211
1.083
1.033
1.078
1.019
1.022
1.053
1.004
1.049
0.991
1.059
1.029
0.972
0.980
1.051
1.033
1.079
1.020
1.038
1.000
1.036
1.024
0.988
1.101
0.971
1.033
0.978
1.082
1.034
1.046
1.015
1.043
1.019
1.040
1.019
1.037
0.995
1.048
1.038
1.043
1.036
1.063
1.046
1.089
1.024
1.027
1.030
1.035
1.075
1.066
0.997
1.075
1.057
1.074
1.029
1.051
1.060
1.076
1.008
1.092
1.072
1.060
1.075
1.064
1.068
1.044
1.701
1.514
1.357
1.324
1.273
1.188
1.267
1.262
1.179
1.165
1.171
1.091
1.155
1.087
1.231
1.144
1.093
1.094
1.092
1.073
1.073
1.081
1.051
1.042
1.080
1.130
1.101
1.080
1.086
1.076
1.102
1.040
1.186
1.055
1.029
1.059
1.062
1.077
1.021
1.033
1.195
1.122
1.002
1.067
1.018
1.051
1.001
1.015
1.047
1.094
1.054
1.061
1.089
1.017
1.035
1.024
1.119
1.103
1.030
1.024
1.082
1.056
1.092
1.011
1.049
1.309
1.120
1.064
1.047
1.092
1.073
1.083
1.159
1.097
1.051
1.066
1.030
1.064
1.091
1.049
1.072
1.181
1.113
1.125
0.996
1.036
1.063
1.038
1.025
1.012
1.086
1.050
1.126
1.085
1.032
1.082
1.017
1.061
1.099
1.080
1.066
1.036
1.102
1.094
1.056
1.116
1.106
1.099
1.079
1.036
1.096
1.126
1.085
1.069
1.192
1.042
1.089
1.123
1.136
1.136
1.087
1.106
1.182
1.141
1.100
1.109
1.243
1.093
1.163
1.088
1.065
1.360
1.326
1.240
1.262
1.213
1.175
1.133
1.097
1.068
1.166
1.132
1.126
1.144
1.034
1.130
1.159
1.158
1.052
1.074
1.017
1.086
1.040
1.193
1.059
1.062
1.081
1.056
1.085
1.086
1.117
1.128
1.130
1.250
1.092
1.103
1.048
1.095
1.098
1.238
1.103
1.111
1.063
1.151
1.087
1.122
1.066
1.094
1.069
1.057
1.120
1.128
1.144
1.078
1.061
1.160
1.045
1.094
1.099
1.081
1.104
1.060
1.052
1.096
1.136
1.074
1.343
1.248
1.230
1.115
1.083
1.144
1.132
1.065
1.189
1.073
1.109
1.040
1.147
1.073
1.064
1.125
1.079
1.135
1.087
1.083
1.077
1.167
1.057
1.179
1.045
1.161
1.101
1.169
1.096
1.128
1.088
1.137
1.124
1.173
1.130
1.177
1.171
1.155
1.085
1.113
1.102
1.261
1.126
1.160
1.113
1.166
1.080
1.154
1.108
1.164
1.184
1.211
1.094
1.190
1.186
1.157
1.113
1.199
1.164
1.191
1.116
1.100
1.101
1.130
1.062
1.237
1.813
1.637
1.478
1.489
1.337
1.323
1.287
1.263
1.170
1.196
1.222
1.221
1.166
1.201
1.230
1.222
1.169
1.059
1.128
1.158
1.123
1.132
1.200
1.136
1.201
1.102
1.203
1.155
1.158
1.171
1.137
1.199
1.403
1.168
1.150
1.240
1.135
1.130
1.128
1.077
1.076
1.134
1.161
1.143
1.123
1.134
1.152
1.107
1.139
1.135
1.182
1.252
1.152
1.131
1.106
1.094
1.134
1.093
1.186
1.145
1.128
1.209
1.170
1.180
1.190
1.486
1.254
1.178
1.165
1.142
1.228
1.130
1.152
1.212
1.113
1.177
1.155
1.270
1.121
1.111
1.104
1.107
1.183
1.188
1.101
1.169
1.127
1.155
1.158
1.141
1.123
1.154
1.131
1.130
1.158
1.148
1.145
1.155
1.317
1.293
1.170
1.120
1.167
1.129
1.146
1.096
1.173
1.236
1.168
1.141
1.299
1.228
1.171
1.170
1.256
1.182
1.211
1.155
1.196
1.245
1.224
1.158
1.111
1.141
1.308
1.133
1.186
1.169
1.167
1.178
1.166
1.523
1.293
1.342
1.285
1.182
1.305
1.185
1.289
1.280
1.254
1.196
1.151
1.190
1.234
1.184
1.204
1.236
1.147
1.192
1.120
1.157
1.143
1.205
1.204
1.223
1.235
1.152
1.156
1.165
1.255
1.196
1.225
2.479
1.209
1.165
1.135
1.113
1.188
1.147
1.171
1.203
1.202
1.169
1.153
1.158
1.126
1.196
1.158
1.220
1.146
1.281
1.152
1.235
1.218
1.176
1.158
1.235
1.196
1.142
1.178
1.181
1.254
1.148
1.166
1.280
1.517
1.298
1.182
1.232
1.206
1.205
1.325
1.193
1.337
1.260
1.147
1.166
1.223
1.177
1.271
1.176
1.159
1.209
1.133
1.389
1.223
1.232
1.129
1.251
1.168
1.148
1.180
1.238
1.238
1.160
1.125
1.360
1.211
1.316
1.188
1.191
1.212
1.187
1.228
1.248
1.172
1.234
1.225
1.253
1.127
1.240
1.185
1.296
1.256
1.291
1.269
1.281
1.248
1.184
1.181
1.302
1.216
1.210
1.311
1.240
1.325
1.215
1.262
1.279
1.178
1.231
2.605
2.034
1.792
1.651
1.638
1.473
1.529
1.451
1.361
1.428
1.349
1.323
1.370
1.392
1.357
1.431
1.284
1.294
1.283
1.304
1.275
1.301
1.328
1.267
1.294
1.419
1.305
1.344
1.364
1.398
1.277
1.274
1.269
1.311
1.224
1.245
1.310
1.225
1.241
1.302
1.238
1.295
1.244
1.186
1.210
1.309
1.197
1.222
1.251
1.240
1.237
1.244
1.381
1.296
1.245
1.339
1.238
1.295
1.195
1.281
1.269
1.328
1.227
1.257
1.230
1.706
1.371
1.316
1.247
1.261
1.267
1.339
1.347
1.236
1.292
1.267
1.231
1.258
1.204
1.222
1.183
1.220
1.329
1.225
1.199
1.230
1.274
1.272
1.290
1.183
1.287
1.286
1.240
1.282
1.295
1.240
1.188
1.277
1.289
1.291
1.294
1.305
1.276
1.258
1.278
1.349
1.327
1.270
1.256
1.300
1.307
1.267
1.275
1.266
1.812
1.267
1.306
1.261
1.208
1.253
1.242
1.287
1.281
1.270
1.273
1.371
1.245
1.243
1.214
1.300
1.246
1.680
1.528
1.408
1.547
1.369
1.307
1.306
1.307
1.272
1.344
1.366
1.272
1.244
1.275
1.292
1.306
1.245
1.269
1.321
1.310
1.252
1.392
1.309
1.268
1.364
1.299
1.485
1.218
1.217
1.324
1.272
1.214
1.247
1.315
1.247
1.286
1.270
1.275
1.245
1.235
1.295
1.298
1.343
1.239
1.277
1.244
1.209
1.329
1.236
1.330
1.288
1.351
1.300
1.279
1.358
1.283
1.217
1.300
1.448
1.271
1.254
1.312
1.231
1.297
1.306
1.891
1.474
1.303
1.286
1.325
1.323
1.260
1.347
1.320
1.334
1.258
1.255
1.269
1.255
1.288
1.326
1.235
1.253
1.252
1.309
1.316
1.347
1.246
1.213
1.284
1.402
1.287
1.269
1.265
1.309
1.303
1.294
1.268
1.420
1.341
1.281
1.242
1.303
1.335
1.296
1.353
1.319
1.305
1.267
1.276
1.406
1.340
1.341
1.310
1.294
1.287
1.276
1.262
1.278
1.355
1.306
1.401
1.389
1.316
1.310
1.324
1.286
1.425
1.295
1.359
1.342
2.104
1.874
1.791
1.702
1.484
1.497
1.463
1.520
1.351
1.377
1.395
1.495
1.471
1.357
1.358
1.390
1.392
1.296
1.448
1.306
1.316
1.373
1.398
1.453
1.364
1.329
1.311
1.437
1.328
1.331
1.325
1.354
1.291
1.362
1.320
1.319
1.277
1.330
1.244
1.372
1.265
1.343
1.248
1.321
1.352
1.386
1.282
1.366
1.296
1.346
1.304
1.352
1.295
1.350
1.335
1.395
1.390
1.354
1.331
1.299
1.391
1.334
1.367
1.338
1.317
2.541
1.390
1.390
1.306
1.307
1.305
1.310
1.317
1.339
1.289
1.442
1.394
1.295
1.330
1.297
1.276
1.332
1.392
1.365
1.330
1.287
1.284
1.407
1.216
1.302
1.285
1.301
1.332
1.356
1.286
1.327
1.313
1.336
1.512
1.308
1.379
1.297
1.369
1.398
1.435
1.279
1.411
1.403
1.416
1.284
1.311
1.292
1.353
1.358
1.387
1.287
1.345
1.373
1.354
1.390
1.293
1.362
1.293
1.357
1.340
1.341
1.403
1.367
1.485
1.477
1.339
1.862
1.674
1.657
1.438
1.491
1.545
1.461
1.403
1.374
1.314
1.427
1.442
1.433
1.481
1.426
1.335
1.518
1.359
1.351
1.384
1.667
1.356
1.399
1.345
1.308
1.357
1.355
1.340
1.320
1.391
1.320
1.327
1.378
1.399
1.392
1.406
1.402
1.401
1.426
1.441
1.390
1.435
1.386
1.339
1.337
1.385
1.326
1.373
1.405
1.434
1.375
1.396
1.423
1.355
1.338
1.406
1.401
1.404
1.376
1.335
1.368
1.503
1.442
1.332
1.297
1.322
1.453
1.410
1.409
1.378
1.478
1.435
1.344
1.404
1.408
1.332
1.360
1.380
1.424
1.381
1.412
1.347
1.490
1.441
1.415
1.374
1.433
1.313
1.435
1.361
1.413
1.369
1.342
1.405
1.409
1.357
1.403
1.379
1.563
1.439
1.398
1.500
1.398
1.416
1.386
1.437
1.331
1.334
1.393
1.460
1.365
1.329
1.395
1.523
1.336
1.419
1.511
1.363
1.408
1.422
1.389
1.409
1.391
1.445
1.471
1.336
1.389
1.495
1.400
1.367
1.371
2.815
2.263
1.927
1.872
1.640
1.659
1.716
1.620
1.528
1.534
1.700
1.552
1.494
1.527
1.502
1.549
1.765
1.679
1.400
1.451
1.440
1.559
1.492
1.413
1.397
1.519
1.486
1.464
1.514
1.385
1.435
1.379
1.482
1.588
1.364
1.383
1.376
1.446
1.416
1.489
1.400
1.456
1.417
1.414
1.375
1.424
1.451
1.384
1.350
1.451
1.391
1.581
1.522
1.520
1.421
1.503
1.346
1.479
1.415
1.449
1.445
1.452
1.448
1.431
1.354
1.439
1.505
1.465
1.369
1.453
1.462
1.388
1.490
1.472
1.356
1.383
1.370
1.416
1.616
1.510
1.442
1.486
1.391
1.396
1.490
1.387
1.321
1.366
1.360
1.395
1.432
1.405
1.419
1.434
1.490
1.379
1.410
1.580
1.744
1.442
1.472
1.518
1.677
1.431
1.385
1.382
1.479
1.399
1.448
1.367
1.453
1.415
1.405
1.471
1.381
1.522
1.480
1.465
1.408
1.469
1.519
1.416
1.445
1.474
1.446
1.470
1.397
1.435
1.497
1.560
1.508
2.175
1.784
1.764
1.771
1.487
1.507
1.561
1.543
1.500
1.440
1.465
1.461
1.512
1.472
1.732
1.452
1.434
1.416
1.460
1.438
1.530
1.430
1.557
1.484
1.465
1.477
1.476
1.406
1.421
1.396
1.519
1.495
1.509
1.493
1.498
1.521
1.404
1.451
1.542
1.425
1.512
1.541
1.507
1.427
1.357
1.464
1.495
1.435
1.437
1.549
1.528
1.462
1.456
1.411
1.532
1.447
1.434
1.453
1.465
1.438
1.424
1.484
1.423
1.424
1.509
1.552
1.663
1.526
1.484
1.483
1.481
1.481
1.456
1.414
1.474
1.457
1.477
1.584
1.600
1.482
1.419
1.352
1.446
1.422
1.460
1.385
1.454
1.388
1.505
1.509
1.565
1.459
1.414
1.446
1.529
1.629
1.465
1.440
2.018
1.575
1.459
1.423
1.483
1.472
1.446
1.415
1.515
1.503
1.525
1.461
1.448
1.396
1.498
1.480
1.505
1.658
1.472
1.441
1.443
1.598
1.609
1.496
1.498
1.533
1.491
1.504
1.530
1.534
1.527
1.492
1.531
2.737
2.012
1.888
1.948
1.621
1.692
1.741
1.631
1.568
1.579
1.714
1.754
1.677
1.678
1.532
1.590
1.575
1.533
1.512
1.553
1.463
1.590
1.584
1.472
1.530
1.577
1.515
1.618
1.584
1.482
1.533
1.551
1.565
1.617
1.476
1.463
1.557
1.553
1.449
1.537
1.533
1.488
1.416
1.602
1.573
1.604
1.530
1.525
1.444
1.602
1.561
1.470
1.537
1.597
1.488
1.541
1.510
1.531
1.549
1.534
1.508
1.460
1.531
1.495
1.478
1.617
1.641
1.671
1.612
1.607
1.520
1.455
1.501
1.496
1.513
1.522
1.546
1.621
1.449
1.513
1.478
1.473
1.492
1.526
1.472
1.528
1.568
1.510
1.506
1.547
1.537
1.475
1.488
1.553
1.521
1.454
1.566
1.461
1.479
1.579
1.481
1.551
1.552
1.540
1.560
1.570
1.492
1.528
1.477
1.524
1.504
1.595
1.527
1.492
1.580
1.530
1.550
1.673
1.534
1.572
1.519
1.547
1.499
1.685
1.427
1.497
1.624
1.579
1.529
1.480
1.597
2.632
1.927
1.623
1.779
1.632
1.624
1.582
1.576
2.124
1.435
1.459
1.479
1.571
1.542
1.546
1.520
1.611
1.509
1.533
1.480
1.537
1.551
1.603
1.558
1.582
1.536
1.539
1.560
1.589
1.493
1.473
1.508
1.522
1.618
1.584
1.589
1.511
1.533
1.466
1.612
1.577
1.521
1.570
1.569
1.531
1.530
1.559
1.575
1.569
1.822
1.526
1.495
1.686
1.527
1.475
1.536
1.539
1.539
1.551
1.451
1.540
1.519
1.447
1.572
1.595
1.508
1.676
1.647
1.612
1.526
1.572
1.524
1.576
1.589
1.759
1.642
1.472
1.542
1.492
1.481
1.554
1.553
1.656
1.543
1.472
1.466
1.544
1.588
1.572
1.536
1.586
1.527
1.546
1.577
1.493
1.511
1.477
1.486
1.490
1.549
1.500
1.699
1.519
1.548
1.690
1.626
1.514
1.516
1.533
1.544
1.592
1.554
1.606
1.520
1.541
1.589
1.536
1.612
1.475
1.596
1.555
1.460
1.641
1.557
1.638
1.581
1.566
1.519
1.546
1.626
1.522
5.346
